0.0,-0.0911873885986889,-0.07244002586050524,-0.07034375083537163,-0.0717944438865368,-0.07732871994250672,-0.07095600666025427
-0.0911873885986889,0.0,0.027012407432243667,0.03412423168363206,0.029120040134385912,0.013553497829023044,0.0319675332720678
-0.07244002586050524,0.027012407432243667,0.0,-0.0005927945171923428,-0.0009622202086403191,0.0012049507389850034,-0.0007962434063354231
-0.07034375083537163,0.03412423168363206,-0.0005927945171923428,0.0,-0.0008056406399441805,0.0035088948519927028,-0.0009662477034880091
-0.0717944438865368,0.029120040134385912,-0.0009622202086403191,-0.0008056406399441805,0.0,0.0018282917299682973,-0.0009356804882559797
-0.07732871994250672,0.013553497829023044,0.0012049507389850034,0.0035088948519927028,0.0018282917299682973,0.0,0.002752598495886393
-0.07095600666025427,0.0319675332720678,-0.0007962434063354231,-0.0009662477034880091,-0.0009356804882559797,0.002752598495886393,0.0