0.0,0.014863228661693442,-0.009077703241758989,0.1602719958721677,-0.028680171815453556,0.1371471606499806,-0.009077703241758989,0.16055274288217344,-0.009077703241758989,-0.009077703241758989,-0.009077703241758989,-0.009077703241758989,0.22166509814008784,0.234625427696658,0.22096969311356446,0.1868393303789279,-0.009077703241758989,-0.009077703241758989,-0.009077703241758989,-0.009077703241758989,-0.009077703241758989,-0.009077703241758989,-0.009077703241758989,-0.009077703241758989,-0.009077703241758989,-0.009077703241758989,-0.009077703241758989,0.1889910153012969,-0.009077703241758989,-0.009077703241758989,0.27582279575019836,-0.009077703241758989,0.2710172473146603,-0.009077703241758989,-0.009077703241758989,0.13713396250514667,0.1911899297611456,-0.009077703241758989,-0.009077703241758989,-0.009077703241758989,-0.009077703241758989,-0.009077703241758989,-0.009077703241758989,-0.009077703241758989,-0.009077703241758989,-0.009077703241758989,-0.009077703241758989,-0.009077703241758989,-0.009077703241758989,0.2570282436100331,-0.009077703241758989,-0.009077703241758989,-0.009077703241758989,-0.009077703241758989,-0.009077703241758989,0.2720187432634682,0.264983777911849,-0.009077703241758989,-0.009077703241758989,0.18327074055484546,-0.009077703241758989,-0.009077703241758989,0.2516677427875919,0.14820923625583482,-0.009077703241758989,-0.009077703241758989,0.2624254660445001,0.13346052771517034,-0.009077703241758989,0.16638381205044478,-0.009077703241758989,-0.009077703241758989,0.26336382867757563,-0.009077703241758989,0.1728806785968216,0.20385974329331136,0.2633075167909084,-0.009077703241758989,-0.009077703241758989,-0.009077703241758989,0.17708341661888968,0.25313067941868017
0.014863228661693442,0.0,-0.0004568308053080056,0.07446692120345065,-0.6071864655576125,-0.019699252073073478,-0.0004568308053080056,-0.11203328421426148,-0.0004568308053080056,-0.0004568308053080056,-0.0004568308053080056,-0.0004568308053080056,0.22200759253962069,0.24989680254458788,0.22051430352023135,0.1484273178583326,-0.0004568308053080056,-0.0004568308053080056,-0.0004568308053080056,-0.0004568308053080056,-0.0004568308053080056,-0.0004568308053080056,-0.0004568308053080056,-0.0004568308053080056,-0.0004568308053080056,-0.0004568308053080056,-0.0004568308053080056,0.15285661545578844,-0.0004568308053080056,-0.0004568308053080056,0.21442771873572464,-0.0004568308053080056,0.20400951011939367,-0.0004568308053080056,-0.0004568308053080056,0.05830449600590243,-0.05840954080341343,-0.0004568308053080056,-0.0004568308053080056,-0.0004568308053080056,-0.0004568308053080056,-0.0004568308053080056,-0.0004568308053080056,-0.0004568308053080056,-0.0004568308053080056,-0.0004568308053080056,-0.0004568308053080056,-0.0004568308053080056,-0.0004568308053080056,0.17640164669477246,-0.0004568308053080056,-0.0004568308053080056,-0.0004568308053080056,-0.0004568308053080056,-0.0004568308053080056,0.2074271733907507,0.19160437026614202,-0.0004568308053080056,-0.0004568308053080056,0.14113618055466365,-0.0004568308053080056,-0.0004568308053080056,0.1668937178801304,0.07548561240857077,-0.0004568308053080056,-0.0004568308053080056,0.18657240264224326,0.053122353250728074,-0.0004568308053080056,-0.12802656552933578,-0.0004568308053080056,-0.0004568308053080056,0.18840229496669725,-0.0004568308053080056,0.12038406396351015,0.18398814354260454,0.18829196607834275,-0.0004568308053080056,-0.0004568308053080056,-0.0004568308053080056,-0.030829078130780552,0.12928339427877908
-0.009077703241758989,-0.0004568308053080056,0.0,0.08094413354096278,-0.6908110149812027,-0.023772477761299638,0,-0.1320443857483414,0,0,0,0,0.24319658710057923,0.27215755023312477,0.2416431517131754,0.16623669207405675,0,0,0,0,0,0,0,0,0,0,0,0.17089773825950222,0,0,0.19067339482044104,0,0.17851078352361674,0,0,0.07000709494268051,-0.07506625132509807,0,0,0,0,0,0,0,0,0,0,0,0,0.1461449003082071,0,0,0,0,0,0.18444945975557211,0.163992565721391,0,0,0.15855428822786116,0,0,0.13495115064234098,0.08864058459754547,0,0,0.15809198452015635,0.0643419210169356,0,-0.15726737912423905,0,0,0.16023852793495366,0,0.13661436150178533,0.20354604048817312,0.16010913255729267,0,0,0,-0.03776691132148776,0.09599887475996366
0.1602719958721677,0.07446692120345065,0.08094413354096278,0.0,0.029037853828802463,0.03746040455094306,0.08094413354096278,0.07139834905580378,0.08094413354096278,0.08094413354096278,0.08094413354096278,0.08094413354096278,0.008503024035649405,0.013438687936357142,0.008269025931716606,0.0014327810571395083,0.08094413354096278,0.08094413354096278,0.08094413354096278,0.08094413354096278,0.08094413354096278,0.08094413354096278,0.08094413354096278,0.08094413354096278,0.08094413354096278,0.08094413354096278,0.08094413354096278,0.0015601939892524014,0.08094413354096278,0.08094413354096278,0.3380363064449865,0.08094413354096278,0.33377094623653275,0.08094413354096278,0.08094413354096278,0.012502248522632072,0.09514135697470145,0.08094413354096278,0.08094413354096278,0.08094413354096278,0.08094413354096278,0.08094413354096278,0.08094413354096278,0.08094413354096278,0.08094413354096278,0.08094413354096278,0.08094413354096278,0.08094413354096278,0.08094413354096278,0.3213066870299759,0.08094413354096278,0.08094413354096278,0.08094413354096278,0.08094413354096278,0.08094413354096278,0.33005391805539963,0.32840361795008366,0.08094413354096278,0.08094413354096278,0.0013237251131793257,0.08094413354096278,0.08094413354096278,0.31651271095487443,0.00767579911246704,0.08094413354096278,0.08094413354096278,0.32612381101848875,0.01435735461250562,0.08094413354096278,0.11239250357948255,0.08094413354096278,0.08094413354096278,0.3269602894137248,0.08094413354096278,0.0017672057034225062,0.0036253957700018527,0.32691010041838686,0.08094413354096278,0.08094413354096278,0.08094413354096278,0.042770694221030164,0.29872844772130536
-0.028680171815453556,-0.6071864655576125,-0.6908110149812027,0.029037853828802463,0.0,-0.1343855293288113,-0.6908110149812027,0.002062418947267413,-0.6908110149812027,-0.6908110149812027,-0.6908110149812027,-0.6908110149812027,0.019690780811536076,0.03518597976028749,0.018807738571097493,-0.032860719221953674,-0.6908110149812027,-0.6908110149812027,-0.6908110149812027,-0.6908110149812027,-0.6908110149812027,-0.6908110149812027,-0.6908110149812027,-0.6908110149812027,-0.6908110149812027,-0.6908110149812027,-0.6908110149812027,-0.029031771360447232,-0.6908110149812027,-0.6908110149812027,-0.22681630565165084,-0.6908110149812027,-0.23208474562689993,-0.6908110149812027,-0.6908110149812027,-0.152783831310984,0.09612816781203078,-0.6908110149812027,-0.6908110149812027,-0.6908110149812027,-0.6908110149812027,-0.6908110149812027,-0.6908110149812027,-0.6908110149812027,-0.6908110149812027,-0.6908110149812027,-0.6908110149812027,-0.6908110149812027,-0.6908110149812027,-0.24916339721757924,-0.6908110149812027,-0.6908110149812027,-0.6908110149812027,-0.6908110149812027,-0.6908110149812027,-0.16421574562628086,-0.23914289672685457,-0.6908110149812027,-0.6908110149812027,-0.03941572088664182,-0.6908110149812027,-0.6908110149812027,-0.25634241382740147,-0.12015372796652557,-0.6908110149812027,-0.6908110149812027,-0.24227919193725006,-0.1643851107699794,-0.6908110149812027,-0.02961966157730876,-0.6908110149812027,-0.6908110149812027,-0.24111914469760048,-0.6908110149812027,-0.06007449228054997,-0.004859345126543228,-0.24118844532644368,-0.6908110149812027,-0.6908110149812027,-0.6908110149812027,0.04599696679377854,-0.15124048491676823
0.1371471606499806,-0.019699252073073478,-0.023772477761299638,0.03746040455094306,-0.1343855293288113,0.0,-0.02377247776129981,0.01032679809679464,-0.02377247776129981,-0.02377247776129981,-0.02377247776129981,-0.02377247776129981,0.07703756443574958,0.09255663213215241,0.07622292335061671,0.03920242194556347,-0.02377247776129981,-0.02377247776129981,-0.02377247776129981,-0.02377247776129981,-0.02377247776129981,-0.02377247776129981,-0.02377247776129981,-0.02377247776129981,-0.02377247776129981,-0.02377247776129981,-0.02377247776129981,0.04133073123321185,-0.02377247776129981,-0.02377247776129981,0.2664116057965349,-0.02377247776129981,0.2608161595364956,-0.02377247776129981,-0.02377247776129981,0.0017984496342674469,0.054293509580441775,-0.02377247776129981,-0.02377247776129981,-0.02377247776129981,-0.02377247776129981,-0.02377247776129981,-0.02377247776129981,-0.02377247776129981,-0.02377247776129981,-0.02377247776129981,-0.02377247776129981,-0.02377247776129981,-0.02377247776129981,0.2449642804705266,-0.02377247776129981,-0.02377247776129981,-0.02377247776129981,-0.02377247776129981,-0.02377247776129981,0.273453808953961,0.25390109174503284,-0.02377247776129981,-0.02377247776129981,0.03574717902200108,-0.02377247776129981,-0.02377247776129981,0.23905343987401112,0.007874474557459554,-0.02377247776129981,-0.02377247776129981,0.2510051610692772,9.271987862334928e-05,-0.02377247776129981,0.03282430723506349,-0.02377247776129981,-0.02377247776129981,0.25206489353151645,-0.02377247776129981,0.02626459298725698,0.05686475392298385,0.25200121788579466,-0.02377247776129981,-0.02377247776129981,-0.02377247776129981,0.018562847028283293,0.23220031190728938
-0.009077703241758989,-0.0004568308053080056,0,0.08094413354096278,-0.6908110149812027,-0.02377247776129981,0.0,-0.1320443857483414,0,0,0,0,0.24319658710057923,0.27215755023312477,0.2416431517131754,0.16623669207405675,0,0,0,0,0,0,0,0,0,0,0,0.17089773825950222,0,0,0.19067339482044104,0,0.17851078352361674,0,0,0.07000709494268051,-0.07506625132509807,0,0,0,0,0,0,0,0,0,0,0,0,0.1461449003082071,0,0,0,0,0,0.18444945975557211,0.163992565721391,0,0,0.15855428822786116,0,0,0.13495115064234098,0.08864058459754547,0,0,0.15809198452015635,0.0643419210169356,0,-0.15726737912423905,0,0,0.16023852793495366,0,0.13661436150178533,0.20354604048817312,0.16010913255729267,0,0,0,-0.03776691132148776,0.09599887475996366
0.16055274288217344,-0.11203328421426148,-0.1320443857483414,0.07139834905580378,0.002062418947267413,0.01032679809679464,-0.1320443857483414,0.0,-0.13204438574834126,-0.13204438574834126,-0.13204438574834126,-0.13204438574834126,0.06287506234637485,0.07365725368511172,0.06229832279120526,0.03419608985186683,-0.13204438574834126,-0.13204438574834126,-0.13204438574834126,-0.13204438574834126,-0.13204438574834126,-0.13204438574834126,-0.13204438574834126,-0.13204438574834126,-0.13204438574834126,-0.13204438574834126,-0.13204438574834126,0.03595778109462793,-0.13204438574834126,-0.13204438574834126,0.09818701854071085,-0.13204438574834126,0.09476624682992547,-0.13204438574834126,-0.13204438574834126,-0.006618240105207136,0.12081050057127682,-0.13204438574834126,-0.13204438574834126,-0.13204438574834126,-0.13204438574834126,-0.13204438574834126,-0.13204438574834126,-0.13204438574834126,-0.13204438574834126,-0.13204438574834126,-0.13204438574834126,-0.13204438574834126,-0.13204438574834126,0.08456203259405701,-0.13204438574834126,-0.13204438574834126,-0.13204438574834126,-0.13204438574834126,-0.13204438574834126,0.16197918812887985,0.09040966411943469,-0.13204438574834126,-0.13204438574834126,0.03127621179919314,-0.13204438574834126,-0.13204438574834126,0.08055749585059725,0.002559704218094732,-0.13204438574834126,-0.13204438574834126,0.08854187257608746,-0.009684853731462896,-0.13204438574834126,0.005013974599239082,-0.13204438574834126,-0.13204438574834126,0.08922836627160734,-0.13204438574834126,0.0227831522096512,0.04816366611321085,0.089187215113832,-0.13204438574834126,-0.13204438574834126,-0.13204438574834126,0.010392928078484007,0.19745776242073662
-0.009077703241758989,-0.0004568308053080056,0,0.08094413354096278,-0.6908110149812027,-0.02377247776129981,0,-0.13204438574834126,0.0,0,0,0,0.24319658710057923,0.27215755023312477,0.2416431517131754,0.16623669207405675,0,0,0,0,0,0,0,0,0,0,0,0.17089773825950222,0,0,0.19067339482044104,0,0.17851078352361674,0,0,0.07000709494268051,-0.07506625132509807,0,0,0,0,0,0,0,0,0,0,0,0,0.1461449003082071,0,0,0,0,0,0.18444945975557211,0.163992565721391,0,0,0.15855428822786116,0,0,0.13495115064234098,0.08864058459754547,0,0,0.15809198452015635,0.0643419210169356,0,-0.15726737912423905,0,0,0.16023852793495366,0,0.13661436150178533,0.20354604048817312,0.16010913255729267,0,0,0,-0.03776691132148776,0.09599887475996366
-0.009077703241758989,-0.0004568308053080056,0,0.08094413354096278,-0.6908110149812027,-0.02377247776129981,0,-0.13204438574834126,0,0.0,0,0,0.24319658710057923,0.27215755023312477,0.2416431517131754,0.16623669207405675,0,0,0,0,0,0,0,0,0,0,0,0.17089773825950222,0,0,0.19067339482044104,0,0.17851078352361674,0,0,0.07000709494268051,-0.07506625132509807,0,0,0,0,0,0,0,0,0,0,0,0,0.1461449003082071,0,0,0,0,0,0.18444945975557211,0.163992565721391,0,0,0.15855428822786116,0,0,0.13495115064234098,0.08864058459754547,0,0,0.15809198452015635,0.0643419210169356,0,-0.15726737912423905,0,0,0.16023852793495366,0,0.13661436150178533,0.20354604048817312,0.16010913255729267,0,0,0,-0.03776691132148776,0.09599887475996366
-0.009077703241758989,-0.0004568308053080056,0,0.08094413354096278,-0.6908110149812027,-0.02377247776129981,0,-0.13204438574834126,0,0,0.0,0,0.24319658710057923,0.27215755023312477,0.2416431517131754,0.16623669207405675,0,0,0,0,0,0,0,0,0,0,0,0.17089773825950222,0,0,0.19067339482044104,0,0.17851078352361674,0,0,0.07000709494268051,-0.07506625132509807,0,0,0,0,0,0,0,0,0,0,0,0,0.1461449003082071,0,0,0,0,0,0.18444945975557211,0.163992565721391,0,0,0.15855428822786116,0,0,0.13495115064234098,0.08864058459754547,0,0,0.15809198452015635,0.0643419210169356,0,-0.15726737912423905,0,0,0.16023852793495366,0,0.13661436150178533,0.20354604048817312,0.16010913255729267,0,0,0,-0.03776691132148776,0.09599887475996366
-0.009077703241758989,-0.0004568308053080056,0,0.08094413354096278,-0.6908110149812027,-0.02377247776129981,0,-0.13204438574834126,0,0,0,0.0,0.24319658710057923,0.27215755023312477,0.2416431517131754,0.16623669207405675,0,0,0,0,0,0,0,0,0,0,0,0.17089773825950222,0,0,0.19067339482044104,0,0.17851078352361674,0,0,0.07000709494268051,-0.07506625132509807,0,0,0,0,0,0,0,0,0,0,0,0,0.1461449003082071,0,0,0,0,0,0.18444945975557211,0.163992565721391,0,0,0.15855428822786116,0,0,0.13495115064234098,0.08864058459754547,0,0,0.15809198452015635,0.0643419210169356,0,-0.15726737912423905,0,0,0.16023852793495366,0,0.13661436150178533,0.20354604048817312,0.16010913255729267,0,0,0,-0.03776691132148776,0.09599887475996366
0.22166509814008784,0.22200759253962069,0.24319658710057923,0.008503024035649405,0.019690780811536076,0.07703756443574958,0.24319658710057923,0.06287506234637485,0.24319658710057923,0.24319658710057923,0.24319658710057923,0.24319658710057923,0.0,-6.959315592272118e-05,-0.0009981795565455038,0.007077091231304534,0.24319658710057912,0.24319658710057912,0.24319658710057912,0.24319658710057912,0.24319658710057912,0.24319658710057912,0.24319658710057912,0.24319658710057912,0.24319658710057912,0.24319658710057912,0.24319658710057912,0.006050572476829998,0.24319658710057912,0.24319658710057912,0.4064788356693135,0.24319658710057912,0.4032259709311065,0.24319658710057912,0.24319658710057912,0.05451928832434621,0.07658430087568757,0.24319658710057912,0.24319658710057912,0.24319658710057912,0.24319658710057912,0.24319658710057912,0.24319658710057912,0.24319658710057912,0.24319658710057912,0.24319658710057912,0.24319658710057912,0.24319658710057912,0.24319658710057912,0.39404346569976645,0.24319658710057912,0.24319658710057912,0.24319658710057912,0.24319658710057912,0.24319658710057912,0.39730228685792035,0.3992147297162269,0.24319658710057912,0.24319658710057912,0.008953546594270908,0.24319658710057912,0.24319658710057912,0.3906299148743975,0.03997492349468846,0.24319658710057912,0.24319658710057912,0.39753753300765804,0.05976439209899093,0.24319658710057912,0.11759467686476457,0.24319658710057912,0.24319658710057912,0.39815111166165973,0.24319658710057912,0.015710165503081797,0.0009747926667707294,0.3981142383088129,0.24319658710057912,0.24319658710057912,0.24319658710057912,0.01746284326947894,0.36707033319822846
0.234625427696658,0.24989680254458788,0.27215755023312477,0.013438687936357142,0.03518597976028749,0.09255663213215241,0.27215755023312477,0.07365725368511172,0.27215755023312477,0.27215755023312477,0.27215755023312477,0.27215755023312477,-6.959315592272118e-05,0.0,3.5728135250271975e-05,0.01347461129375937,0.27215755023312455,0.27215755023312455,0.27215755023312455,0.27215755023312455,0.27215755023312455,0.27215755023312455,0.27215755023312455,0.27215755023312455,0.27215755023312455,0.27215755023312455,0.27215755023312455,0.012090773203995177,0.27215755023312455,0.27215755023312455,0.42222696154934825,0.27215755023312455,0.4192115145861564,0.27215755023312455,0.27215755023312455,0.06957712370782565,0.08363705446700266,0.27215755023312455,0.27215755023312455,0.27215755023312455,0.27215755023312455,0.27215755023312455,0.27215755023312455,0.27215755023312455,0.27215755023312455,0.27215755023312455,0.27215755023312455,0.27215755023312455,0.27215755023312455,0.4107160507578701,0.27215755023312455,0.27215755023312455,0.27215755023312455,0.27215755023312455,0.27215755023312455,0.41150554330050854,0.4154973979299517,0.27215755023312455,0.27215755023312455,0.01594902704594328,0.27215755023312455,0.27215755023312455,0.4075639009526278,0.053093875191691654,0.27215755023312455,0.27215755023312455,0.41394583256896406,0.07545195249782101,0.27215755023312455,0.13085841653436586,0.27215755023312455,0.27215755023312455,0.41451335675747925,0.27215755023312455,0.024481673376428943,0.004615522885396369,0.41447924802221675,0.27215755023312455,0.27215755023312455,0.27215755023312455,0.02321969195733062,0.38333787591124274
0.22096969311356446,0.22051430352023135,0.2416431517131754,0.008269025931716606,0.018807738571097493,0.07622292335061671,0.2416431517131754,0.06229832279120526,0.2416431517131754,0.2416431517131754,0.2416431517131754,0.2416431517131754,-0.0009981795565455038,3.5728135250271975e-05,0.0,0.006778560245876344,0.2416431517131754,0.2416431517131754,0.2416431517131754,0.2416431517131754,0.2416431517131754,0.2416431517131754,0.2416431517131754,0.2416431517131754,0.2416431517131754,0.2416431517131754,0.2416431517131754,0.005771767814264468,0.2416431517131754,0.2416431517131754,0.4056365776937904,0.2416431517131754,0.4023706174395277,0.2416431517131754,0.2416431517131754,0.053741432960382224,0.0762063292079264,0.2416431517131754,0.2416431517131754,0.2416431517131754,0.2416431517131754,0.2416431517131754,0.2416431517131754,0.2416431517131754,0.2416431517131754,0.2416431517131754,0.2416431517131754,0.2416431517131754,0.2416431517131754,0.3931504265321679,0.2416431517131754,0.2416431517131754,0.2416431517131754,0.2416431517131754,0.2416431517131754,0.3965421407637138,0.39834304068034143,0.2416431517131754,0.2416431517131754,0.008621995781888178,0.2416431517131754,0.2416431517131754,0.38972261546697284,0.03930459195810157,0.2416431517131754,0.2416431517131754,0.3966589543532925,0.05895158617827972,0.2416431517131754,0.1168790990024049,0.2416431517131754,0.2416431517131754,0.39727505744635855,0.2416431517131754,0.015280477159941344,0.0008283559693544334,0.39723803251458634,0.2416431517131754,0.2416431517131754,0.2416431517131754,0.017166839679914794,0.36619747614648057
0.1868393303789279,0.1484273178583326,0.16623669207405675,0.0014327810571395083,-0.032860719221953674,0.03920242194556347,0.16623669207405675,0.03419608985186683,0.16623669207405675,0.16623669207405675,0.16623669207405675,0.16623669207405675,0.007077091231304534,0.01347461129375937,0.006778560245876344,0.0,0.1662366920740564,0.1662366920740564,0.1662366920740564,0.1662366920740564,0.1662366920740564,0.1662366920740564,0.1662366920740564,0.1662366920740564,0.1662366920740564,0.1662366920740564,0.1662366920740564,-0.0009660052371895139,0.1662366920740564,0.1662366920740564,0.3649528569535506,0.1662366920740564,0.36099075511585044,0.1662366920740564,0.1662366920740564,0.020469571303006338,0.05761287688574148,0.1662366920740564,0.1662366920740564,0.1662366920740564,0.1662366920740564,0.1662366920740564,0.1662366920740564,0.1662366920740564,0.1662366920740564,0.1662366920740564,0.1662366920740564,0.1662366920740564,0.1662366920740564,0.34980256409480603,0.1662366920740564,0.1662366920740564,0.1662366920740564,0.1662366920740564,0.1662366920740564,0.3596822432541864,0.3561037375314519,0.1662366920740564,0.1662366920740564,-0.0009026639178655318,0.1662366920740564,0.1662366920740564,0.34564334598960983,0.01178215947354741,0.1662366920740564,0.1662366920740564,0.3540601203476199,0.02380677787897638,0.1662366920740564,0.081100476640443,0.1662366920740564,0.1662366920740564,0.3548077587746122,0.1662366920740564,0.0005599049787678963,0.0010668576501641094,0.35476282930663583,0.1662366920740564,0.1662366920740564,0.1662366920740564,0.00451054722735479,0.32353283947781
-0.009077703241758989,-0.0004568308053080056,0,0.08094413354096278,-0.6908110149812027,-0.02377247776129981,0,-0.13204438574834126,0,0,0,0,0.24319658710057912,0.27215755023312455,0.2416431517131754,0.1662366920740564,0.0,0,0,0,0,0,0,0,0,0,0,0.17089773825950222,0,0,0.19067339482044104,0,0.17851078352361674,0,0,0.07000709494268051,-0.07506625132509807,0,0,0,0,0,0,0,0,0,0,0,0,0.1461449003082071,0,0,0,0,0,0.18444945975557211,0.163992565721391,0,0,0.15855428822786116,0,0,0.13495115064234098,0.08864058459754547,0,0,0.15809198452015635,0.0643419210169356,0,-0.15726737912423905,0,0,0.16023852793495366,0,0.13661436150178533,0.20354604048817312,0.16010913255729267,0,0,0,-0.03776691132148776,0.09599887475996366
-0.009077703241758989,-0.0004568308053080056,0,0.08094413354096278,-0.6908110149812027,-0.02377247776129981,0,-0.13204438574834126,0,0,0,0,0.24319658710057912,0.27215755023312455,0.2416431517131754,0.1662366920740564,0,0.0,0,0,0,0,0,0,0,0,0,0.17089773825950222,0,0,0.19067339482044104,0,0.17851078352361674,0,0,0.07000709494268051,-0.07506625132509807,0,0,0,0,0,0,0,0,0,0,0,0,0.1461449003082071,0,0,0,0,0,0.18444945975557211,0.163992565721391,0,0,0.15855428822786116,0,0,0.13495115064234098,0.08864058459754547,0,0,0.15809198452015635,0.0643419210169356,0,-0.15726737912423905,0,0,0.16023852793495366,0,0.13661436150178533,0.20354604048817312,0.16010913255729267,0,0,0,-0.03776691132148776,0.09599887475996366
-0.009077703241758989,-0.0004568308053080056,0,0.08094413354096278,-0.6908110149812027,-0.02377247776129981,0,-0.13204438574834126,0,0,0,0,0.24319658710057912,0.27215755023312455,0.2416431517131754,0.1662366920740564,0,0,0.0,0,0,0,0,0,0,0,0,0.17089773825950222,0,0,0.19067339482044104,0,0.17851078352361674,0,0,0.07000709494268051,-0.07506625132509807,0,0,0,0,0,0,0,0,0,0,0,0,0.1461449003082071,0,0,0,0,0,0.18444945975557211,0.163992565721391,0,0,0.15855428822786116,0,0,0.13495115064234098,0.08864058459754547,0,0,0.15809198452015635,0.0643419210169356,0,-0.15726737912423905,0,0,0.16023852793495366,0,0.13661436150178533,0.20354604048817312,0.16010913255729267,0,0,0,-0.03776691132148776,0.09599887475996366
-0.009077703241758989,-0.0004568308053080056,0,0.08094413354096278,-0.6908110149812027,-0.02377247776129981,0,-0.13204438574834126,0,0,0,0,0.24319658710057912,0.27215755023312455,0.2416431517131754,0.1662366920740564,0,0,0,0.0,0,0,0,0,0,0,0,0.17089773825950222,0,0,0.19067339482044104,0,0.17851078352361674,0,0,0.07000709494268051,-0.07506625132509807,0,0,0,0,0,0,0,0,0,0,0,0,0.1461449003082071,0,0,0,0,0,0.18444945975557211,0.163992565721391,0,0,0.15855428822786116,0,0,0.13495115064234098,0.08864058459754547,0,0,0.15809198452015635,0.0643419210169356,0,-0.15726737912423905,0,0,0.16023852793495366,0,0.13661436150178533,0.20354604048817312,0.16010913255729267,0,0,0,-0.03776691132148776,0.09599887475996366
-0.009077703241758989,-0.0004568308053080056,0,0.08094413354096278,-0.6908110149812027,-0.02377247776129981,0,-0.13204438574834126,0,0,0,0,0.24319658710057912,0.27215755023312455,0.2416431517131754,0.1662366920740564,0,0,0,0,0.0,0,0,0,0,0,0,0.17089773825950222,0,0,0.19067339482044104,0,0.17851078352361674,0,0,0.07000709494268051,-0.07506625132509807,0,0,0,0,0,0,0,0,0,0,0,0,0.1461449003082071,0,0,0,0,0,0.18444945975557211,0.163992565721391,0,0,0.15855428822786116,0,0,0.13495115064234098,0.08864058459754547,0,0,0.15809198452015635,0.0643419210169356,0,-0.15726737912423905,0,0,0.16023852793495366,0,0.13661436150178533,0.20354604048817312,0.16010913255729267,0,0,0,-0.03776691132148776,0.09599887475996366
-0.009077703241758989,-0.0004568308053080056,0,0.08094413354096278,-0.6908110149812027,-0.02377247776129981,0,-0.13204438574834126,0,0,0,0,0.24319658710057912,0.27215755023312455,0.2416431517131754,0.1662366920740564,0,0,0,0,0,0.0,0,0,0,0,0,0.17089773825950222,0,0,0.19067339482044104,0,0.17851078352361674,0,0,0.07000709494268051,-0.07506625132509807,0,0,0,0,0,0,0,0,0,0,0,0,0.1461449003082071,0,0,0,0,0,0.18444945975557211,0.163992565721391,0,0,0.15855428822786116,0,0,0.13495115064234098,0.08864058459754547,0,0,0.15809198452015635,0.0643419210169356,0,-0.15726737912423905,0,0,0.16023852793495366,0,0.13661436150178533,0.20354604048817312,0.16010913255729267,0,0,0,-0.03776691132148776,0.09599887475996366
-0.009077703241758989,-0.0004568308053080056,0,0.08094413354096278,-0.6908110149812027,-0.02377247776129981,0,-0.13204438574834126,0,0,0,0,0.24319658710057912,0.27215755023312455,0.2416431517131754,0.1662366920740564,0,0,0,0,0,0,0.0,0,0,0,0,0.17089773825950222,0,0,0.19067339482044104,0,0.17851078352361674,0,0,0.07000709494268051,-0.07506625132509807,0,0,0,0,0,0,0,0,0,0,0,0,0.1461449003082071,0,0,0,0,0,0.18444945975557211,0.163992565721391,0,0,0.15855428822786116,0,0,0.13495115064234098,0.08864058459754547,0,0,0.15809198452015635,0.0643419210169356,0,-0.15726737912423905,0,0,0.16023852793495366,0,0.13661436150178533,0.20354604048817312,0.16010913255729267,0,0,0,-0.03776691132148776,0.09599887475996366
-0.009077703241758989,-0.0004568308053080056,0,0.08094413354096278,-0.6908110149812027,-0.02377247776129981,0,-0.13204438574834126,0,0,0,0,0.24319658710057912,0.27215755023312455,0.2416431517131754,0.1662366920740564,0,0,0,0,0,0,0,0.0,0,0,0,0.17089773825950222,0,0,0.19067339482044104,0,0.17851078352361674,0,0,0.07000709494268051,-0.07506625132509807,0,0,0,0,0,0,0,0,0,0,0,0,0.1461449003082071,0,0,0,0,0,0.18444945975557211,0.163992565721391,0,0,0.15855428822786116,0,0,0.13495115064234098,0.08864058459754547,0,0,0.15809198452015635,0.0643419210169356,0,-0.15726737912423905,0,0,0.16023852793495366,0,0.13661436150178533,0.20354604048817312,0.16010913255729267,0,0,0,-0.03776691132148776,0.09599887475996366
-0.009077703241758989,-0.0004568308053080056,0,0.08094413354096278,-0.6908110149812027,-0.02377247776129981,0,-0.13204438574834126,0,0,0,0,0.24319658710057912,0.27215755023312455,0.2416431517131754,0.1662366920740564,0,0,0,0,0,0,0,0,0.0,0,0,0.17089773825950222,0,0,0.19067339482044104,0,0.17851078352361674,0,0,0.07000709494268051,-0.07506625132509807,0,0,0,0,0,0,0,0,0,0,0,0,0.1461449003082071,0,0,0,0,0,0.18444945975557211,0.163992565721391,0,0,0.15855428822786116,0,0,0.13495115064234098,0.08864058459754547,0,0,0.15809198452015635,0.0643419210169356,0,-0.15726737912423905,0,0,0.16023852793495366,0,0.13661436150178533,0.20354604048817312,0.16010913255729267,0,0,0,-0.03776691132148776,0.09599887475996366
-0.009077703241758989,-0.0004568308053080056,0,0.08094413354096278,-0.6908110149812027,-0.02377247776129981,0,-0.13204438574834126,0,0,0,0,0.24319658710057912,0.27215755023312455,0.2416431517131754,0.1662366920740564,0,0,0,0,0,0,0,0,0,0.0,0,0.17089773825950222,0,0,0.19067339482044104,0,0.17851078352361674,0,0,0.07000709494268051,-0.07506625132509807,0,0,0,0,0,0,0,0,0,0,0,0,0.1461449003082071,0,0,0,0,0,0.18444945975557211,0.163992565721391,0,0,0.15855428822786116,0,0,0.13495115064234098,0.08864058459754547,0,0,0.15809198452015635,0.0643419210169356,0,-0.15726737912423905,0,0,0.16023852793495366,0,0.13661436150178533,0.20354604048817312,0.16010913255729267,0,0,0,-0.03776691132148776,0.09599887475996366
-0.009077703241758989,-0.0004568308053080056,0,0.08094413354096278,-0.6908110149812027,-0.02377247776129981,0,-0.13204438574834126,0,0,0,0,0.24319658710057912,0.27215755023312455,0.2416431517131754,0.1662366920740564,0,0,0,0,0,0,0,0,0,0,0.0,0.17089773825950222,0,0,0.19067339482044104,0,0.17851078352361674,0,0,0.07000709494268051,-0.07506625132509807,0,0,0,0,0,0,0,0,0,0,0,0,0.1461449003082071,0,0,0,0,0,0.18444945975557211,0.163992565721391,0,0,0.15855428822786116,0,0,0.13495115064234098,0.08864058459754547,0,0,0.15809198452015635,0.0643419210169356,0,-0.15726737912423905,0,0,0.16023852793495366,0,0.13661436150178533,0.20354604048817312,0.16010913255729267,0,0,0,-0.03776691132148776,0.09599887475996366
0.1889910153012969,0.15285661545578844,0.17089773825950222,0.0015601939892524014,-0.029031771360447232,0.04133073123321185,0.17089773825950222,0.03595778109462793,0.17089773825950222,0.17089773825950222,0.17089773825950222,0.17089773825950222,0.006050572476829998,0.012090773203995177,0.005771767814264468,-0.0009660052371895139,0.17089773825950222,0.17089773825950222,0.17089773825950222,0.17089773825950222,0.17089773825950222,0.17089773825950222,0.17089773825950222,0.17089773825950222,0.17089773825950222,0.17089773825950222,0.17089773825950222,0.0,0.1708977382595021,0.1708977382595021,0.36746295153471875,0.1708977382595021,0.3635482247981638,0.1708977382595021,0.1708977382595021,0.022228122537910056,0.058793705539062574,0.1708977382595021,0.1708977382595021,0.1708977382595021,0.1708977382595021,0.1708977382595021,0.1708977382595021,0.1708977382595021,0.1708977382595021,0.1708977382595021,0.1708977382595021,0.1708977382595021,0.1708977382595021,0.35249160419707704,0.1708977382595021,0.1708977382595021,0.1708977382595021,0.1708977382595021,0.1708977382595021,0.3619691530691432,0.3587190993314117,0.1708977382595021,0.1708977382595021,-0.0007503489233719721,0.1708977382595021,0.1708977382595021,0.34838037725163085,0.013150113351905626,0.1708977382595021,0.1708977382595021,0.3566995013607777,0.025692818114449237,0.1708977382595021,0.0834026406948384,0.1708977382595021,0.1708977382595021,0.35743836600822554,0.1708977382595021,0.0010621000781964153,0.0005640440748045359,0.3573939642427378,0.1708977382595021,0.1708977382595021,0.1708977382595021,0.005190059588745193,0.32620258563176446
-0.009077703241758989,-0.0004568308053080056,0,0.08094413354096278,-0.6908110149812027,-0.02377247776129981,0,-0.13204438574834126,0,0,0,0,0.24319658710057912,0.27215755023312455,0.2416431517131754,0.1662366920740564,0,0,0,0,0,0,0,0,0,0,0,0.1708977382595021,0.0,0,0.19067339482044104,0,0.17851078352361674,0,0,0.07000709494268051,-0.07506625132509807,0,0,0,0,0,0,0,0,0,0,0,0,0.1461449003082071,0,0,0,0,0,0.18444945975557211,0.163992565721391,0,0,0.15855428822786116,0,0,0.13495115064234098,0.08864058459754547,0,0,0.15809198452015635,0.0643419210169356,0,-0.15726737912423905,0,0,0.16023852793495366,0,0.13661436150178533,0.20354604048817312,0.16010913255729267,0,0,0,-0.03776691132148776,0.09599887475996366
-0.009077703241758989,-0.0004568308053080056,0,0.08094413354096278,-0.6908110149812027,-0.02377247776129981,0,-0.13204438574834126,0,0,0,0,0.24319658710057912,0.27215755023312455,0.2416431517131754,0.1662366920740564,0,0,0,0,0,0,0,0,0,0,0,0.1708977382595021,0,0.0,0.19067339482044104,0,0.17851078352361674,0,0,0.07000709494268051,-0.07506625132509807,0,0,0,0,0,0,0,0,0,0,0,0,0.1461449003082071,0,0,0,0,0,0.18444945975557211,0.163992565721391,0,0,0.15855428822786116,0,0,0.13495115064234098,0.08864058459754547,0,0,0.15809198452015635,0.0643419210169356,0,-0.15726737912423905,0,0,0.16023852793495366,0,0.13661436150178533,0.20354604048817312,0.16010913255729267,0,0,0,-0.03776691132148776,0.09599887475996366
0.27582279575019836,0.21442771873572464,0.19067339482044104,0.3380363064449865,-0.22681630565165084,0.2664116057965349,0.19067339482044104,0.09818701854071085,0.19067339482044104,0.19067339482044104,0.19067339482044104,0.19067339482044104,0.4064788356693135,0.42222696154934825,0.4056365776937904,0.3649528569535506,0.19067339482044104,0.19067339482044104,0.19067339482044104,0.19067339482044104,0.19067339482044104,0.19067339482044104,0.19067339482044104,0.19067339482044104,0.19067339482044104,0.19067339482044104,0.19067339482044104,0.36746295153471875,0.19067339482044104,0.19067339482044104,0.0,0.19067339482044093,-0.0007813279650524853,0.19067339482044093,0.19067339482044093,0.31160172482274184,0.239553664292665,0.19067339482044093,0.19067339482044093,0.19067339482044093,0.19067339482044093,0.19067339482044093,0.19067339482044093,0.19067339482044093,0.19067339482044093,0.19067339482044093,0.19067339482044093,0.19067339482044093,0.19067339482044093,0.002206972359873287,0.19067339482044093,0.19067339482044093,0.19067339482044093,0.19067339482044093,0.19067339482044093,0.1499920224568301,9.577752982272197e-05,0.19067339482044093,0.19067339482044093,0.3608134407553112,0.19067339482044093,0.19067339482044093,0.004191290236250274,0.3224654864324315,0.19067339482044093,0.19067339482044093,0.0006604037101399229,0.30816336999141186,0.19067339482044093,0.052941975431597635,0.19067339482044093,0.19067339482044093,0.00044037364667145936,0.19067339482044093,0.3489581973738914,0.38504603366050955,0.00045315824495926186,0.19067339482044093,0.19067339482044093,0.19067339482044093,0.17429522411476617,0.30948311690526037
-0.009077703241758989,-0.0004568308053080056,0,0.08094413354096278,-0.6908110149812027,-0.02377247776129981,0,-0.13204438574834126,0,0,0,0,0.24319658710057912,0.27215755023312455,0.2416431517131754,0.1662366920740564,0,0,0,0,0,0,0,0,0,0,0,0.1708977382595021,0,0,0.19067339482044093,0.0,0.17851078352361674,0,0,0.07000709494268051,-0.07506625132509807,0,0,0,0,0,0,0,0,0,0,0,0,0.1461449003082071,0,0,0,0,0,0.18444945975557211,0.163992565721391,0,0,0.15855428822786116,0,0,0.13495115064234098,0.08864058459754547,0,0,0.15809198452015635,0.0643419210169356,0,-0.15726737912423905,0,0,0.16023852793495366,0,0.13661436150178533,0.20354604048817312,0.16010913255729267,0,0,0,-0.03776691132148776,0.09599887475996366
0.2710172473146603,0.20400951011939367,0.17851078352361674,0.33377094623653275,-0.23208474562689993,0.2608161595364956,0.17851078352361674,0.09476624682992547,0.17851078352361674,0.17851078352361674,0.17851078352361674,0.17851078352361674,0.4032259709311065,0.4192115145861564,0.4023706174395277,0.36099075511585044,0.17851078352361674,0.17851078352361674,0.17851078352361674,0.17851078352361674,0.17851078352361674,0.17851078352361674,0.17851078352361674,0.17851078352361674,0.17851078352361674,0.17851078352361674,0.17851078352361674,0.3635482247981638,0.17851078352361674,0.17851078352361674,-0.0007813279650524853,0.17851078352361674,0.0,0.1785107835236165,0.1785107835236165,0.30637399695270584,0.23510365687464232,0.1785107835236165,0.1785107835236165,0.1785107835236165,0.1785107835236165,0.1785107835236165,0.1785107835236165,0.1785107835236165,0.1785107835236165,0.1785107835236165,0.1785107835236165,0.1785107835236165,0.1785107835236165,0.0007484446425334852,0.1785107835236165,0.1785107835236165,0.1785107835236165,0.1785107835236165,0.1785107835236165,0.1488067352856177,-0.0006661651910764664,0.1785107835236165,0.1785107835236165,0.3567715847765085,0.1785107835236165,0.1785107835236165,0.002276729031049855,0.3175509538837037,0.1785107835236165,0.1785107835236165,-0.00032796815814590424,0.30282754329843153,0.1785107835236165,0.049678504601381755,0.1785107835236165,0.1785107835236165,-0.0004652024531092139,0.1785107835236165,0.3446752651539956,0.3814450556550983,-0.00045739495926813435,0.1785107835236165,0.1785107835236165,0.1785107835236165,0.17128285228925677,0.30416213885232635
-0.009077703241758989,-0.0004568308053080056,0,0.08094413354096278,-0.6908110149812027,-0.02377247776129981,0,-0.13204438574834126,0,0,0,0,0.24319658710057912,0.27215755023312455,0.2416431517131754,0.1662366920740564,0,0,0,0,0,0,0,0,0,0,0,0.1708977382595021,0,0,0.19067339482044093,0,0.1785107835236165,0.0,0,0.07000709494268051,-0.07506625132509807,0,0,0,0,0,0,0,0,0,0,0,0,0.1461449003082071,0,0,0,0,0,0.18444945975557211,0.163992565721391,0,0,0.15855428822786116,0,0,0.13495115064234098,0.08864058459754547,0,0,0.15809198452015635,0.0643419210169356,0,-0.15726737912423905,0,0,0.16023852793495366,0,0.13661436150178533,0.20354604048817312,0.16010913255729267,0,0,0,-0.03776691132148776,0.09599887475996366
-0.009077703241758989,-0.0004568308053080056,0,0.08094413354096278,-0.6908110149812027,-0.02377247776129981,0,-0.13204438574834126,0,0,0,0,0.24319658710057912,0.27215755023312455,0.2416431517131754,0.1662366920740564,0,0,0,0,0,0,0,0,0,0,0,0.1708977382595021,0,0,0.19067339482044093,0,0.1785107835236165,0,0.0,0.07000709494268051,-0.07506625132509807,0,0,0,0,0,0,0,0,0,0,0,0,0.1461449003082071,0,0,0,0,0,0.18444945975557211,0.163992565721391,0,0,0.15855428822786116,0,0,0.13495115064234098,0.08864058459754547,0,0,0.15809198452015635,0.0643419210169356,0,-0.15726737912423905,0,0,0.16023852793495366,0,0.13661436150178533,0.20354604048817312,0.16010913255729267,0,0,0,-0.03776691132148776,0.09599887475996366
0.13713396250514667,0.05830449600590243,0.07000709494268051,0.012502248522632072,-0.152783831310984,0.0017984496342674469,0.07000709494268051,-0.006618240105207136,0.07000709494268051,0.07000709494268051,0.07000709494268051,0.07000709494268051,0.05451928832434621,0.06957712370782565,0.053741432960382224,0.020469571303006338,0.07000709494268051,0.07000709494268051,0.07000709494268051,0.07000709494268051,0.07000709494268051,0.07000709494268051,0.07000709494268051,0.07000709494268051,0.07000709494268051,0.07000709494268051,0.07000709494268051,0.022228122537910056,0.07000709494268051,0.07000709494268051,0.31160172482274184,0.07000709494268051,0.30637399695270584,0.07000709494268051,0.07000709494268051,0.0,0.028856736163021153,0.07000709494268034,0.07000709494268034,0.07000709494268034,0.07000709494268034,0.07000709494268034,0.07000709494268034,0.07000709494268034,0.07000709494268034,0.07000709494268034,0.07000709494268034,0.07000709494268034,0.07000709494268034,0.2918155734727168,0.07000709494268034,0.07000709494268034,0.07000709494268034,0.07000709494268034,0.07000709494268034,0.30986418325953163,0.29997674915921974,0.07000709494268034,0.07000709494268034,0.01767539603029526,0.07000709494268034,0.07000709494268034,0.2864845500496554,0.0001283026730681912,0.07000709494268034,0.07000709494268034,0.29731890555470736,-0.0008791133582510401,0.07000709494268034,0.02512999597869363,0.07000709494268034,0.07000709494268034,0.2982900457430822,0.07000709494268034,0.010485563349404326,0.035740957903728166,0.29823164540586405,0.07000709494268034,0.07000709494268034,0.07000709494268034,-0.006448124826767053,0.26419400856454534
