0.0,0.1405922285779824,0.01652645527316875,0.011680703204023079,0.018865070392049776,0.014682127952533583,0.014459164724051643,0.01745541306253315,0.015091610961581374,0.013897813462424984,0.019046285845052947,0.015281682249533388,0.014799763606925724,0.015700736335858344,0.01581934894487533,0.017566049276499403,0.017547578012821773,0.01636516099336616,0.013268448693150517
0.1405922285779824,0.0,0.04741681324718026,0.03695440833203761,0.052821453571868536,0.04331478775972951,0.042828915652759945,0.049537613337410906,0.044212782741499014,0.04161527148614969,0.05324906010878731,0.04463209822759275,0.043572011427498364,0.04556212559937921,0.04582674987570402,0.04979254069547783,0.049749945224872694,0.0470522390909313,0.040270895175424384
0.01652645527316875,0.04741681324718026,0.0,0.0048484827681935985,0.0011241757935960917,1.9089212419242636e-05,0.0002628972766173764,-0.0006933690993816052,-0.00036757153227563163,0.0009721419078592709,0.0014934901357248527,-0.0005185703365878604,-0.0001002855379259886,-0.0007830770969054848,-0.0008399992844338661,-0.0006130918979605181,-0.0006271798131093038,-0.0009923334238970366,0.0019138360452530198
0.011680703204023079,0.03695440833203761,0.0048484827681935985,0.0,0.013998771067140044,0.0009855082383151143,0.0006765895410317549,0.007833088592388468,0.0016346496120811964,2.87084902039848e-05,0.014952234343869008,0.001973666151146996,0.0011609389322995945,0.0028104674451451036,0.0030705552996409258,0.008242114320284023,0.008172992549982943,0.004407422059035336,-0.0004940343256997873
0.018865070392049776,0.052821453571868536,0.0011241757935960917,0.013998771067140044,0.0,0.0050845260800329375,0.005660424857689026,-0.00018498629473757315,0.004075135331253847,0.007184436405139179,-0.0009861980972337397,0.0036293562583667705,0.004787965327769937,0.0027019088357596553,0.002454051528397954,-0.000303501191484696,-0.000284306824996803,0.001404121858867844,0.00900432685524935
0.014682127952533583,0.04331478775972951,1.9089212419242636e-05,0.0009855082383151143,0.0050845260800329375,0.0,-0.0009879434685783665,0.0014464151107406373,-0.000955138495753115,-0.0008451096206162161,0.005698601915845148,-0.0009014745412482028,-0.0009972861664329295,-0.0007058957303778899,-0.0006303555384265781,0.0016642580062162127,0.0016271401036570784,-0.0001602644594887655,-0.0005143625827893908
0.014459164724051643,0.042828915652759945,0.0002628972766173764,0.0006765895410317549,0.005660424857689026,-0.0009879434685783665,0.0,0.0018167525696985963,-0.0008931394110443698,-0.0009222846037976213,0.006302120834528423,-0.0008163212366051474,-0.0009702994087698513,-0.0005687009421260184,-0.00047818005234068434,0.0020501354233982225,0.0020104160467566807,6.22887923930513e-05,-0.0006607191887518327
0.01745541306253315,0.049537613337410906,-0.0006933690993816052,0.007833088592388468,-0.00018498629473757315,0.0014464151107406373,0.0018167525696985963,0.0,0.0008225242400445117,0.0028364859721242155,4.957145770289417e-05,0.0005592443995138865,0.001259536344840022,4.2262867663012716e-05,-8.736553557742628e-05,-0.0009963519934312185,-0.0009977783672548424,-0.0005814375029998667,0.004112929110869521
0.015091610961581374,0.044212782741499014,-0.00036757153227563163,0.0016346496120811964,0.004075135331253847,-0.000955138495753115,-0.0008931394110443698,0.0008225242400445117,0.0,-0.0006301525279524113,0.0046374048739142104,-0.0009907343417073795,-0.0009775288041554207,-0.0008927006691157267,-0.0008452412407451002,0.0010112282585134603,0.0009789884091480903,-0.0005070787738917608,-0.00016977484966558854
0.013897813462424984,0.04161527148614969,0.0009721419078592709,2.87084902039848e-05,0.007184436405139179,-0.0008451096206162161,-0.0009222846037976213,0.0028364859721242155,-0.0006301525279524113,0.0,0.007893875595961474,-0.0004964935600120749,-0.0007932678456245185,-0.00012112604935333192,6.166114062475209e-06,0.0031079974111893204,0.00306189517252877,0.0007193698414276226,-0.0009093224009918886
0.019046285845052947,0.05324906010878731,0.0014934901357248527,0.014952234343869008,-0.0009861980972337397,0.005698601915845148,0.006302120834528423,4.957145770289417e-05,0.0046374048739142104,0.007893875595961474,0.0,0.0041670962225242685,0.005387302463611609,0.0031844690350848505,0.0029207155730770307,-8.552052214422318e-05,-6.355065359107342e-05,0.0017960351489775992,0.009786749010370818
0.015281682249533388,0.04463209822759275,-0.0005185703365878604,0.001973666151146996,0.0036293562583667705,-0.0009014745412482028,-0.0008163212366051474,0.0005592443995138865,-0.0009907343417073795,-0.0004964935600120749,0.0041670962225242685,0.0,-0.0009362155186580554,-0.0009491229533301223,-0.0009149511694375104,0.0007341556273378919,0.000704224808988905,-0.0006392201882143975,2.5202841263595953e-05
0.014799763606925724,0.043572011427498364,-0.0001002855379259886,0.0011609389322995945,0.004787965327769937,-0.0009972861664329295,-0.0009702994087698513,0.001259536344840022,-0.0009775288041554207,-0.0007932678456245185,0.005387302463611609,-0.0009362155186580554,0.0,-0.0007683969026334029,-0.0007008479850425984,0.0014690881470607897,0.001433358225835871,-0.00026830031399093516,-0.0004256239477815387
0.015700736335858344,0.04556212559937921,-0.0007830770969054848,0.0028104674451451036,0.0027019088357596553,-0.0007058957303778899,-0.0005687009421260184,4.2262867663012716e-05,-0.0008927006691157267,-0.00012112604935333192,0.0031844690350848505,-0.0009491229533301223,-0.0007683969026334029,0.0,-0.0009967007787127526,0.00018615648821231239,0.00016141833098590568,-0.0008613288033233699,0.0005383682907831984
0.01581934894487533,0.04582674987570402,-0.0008399992844338661,0.0030705552996409258,0.002454051528397954,-0.0006303555384265781,-0.00047818005234068434,-8.736553557742628e-05,-0.0008452412407451002,6.166114062475209e-06,0.0029207155730770307,-0.0009149511694375104,-0.0007008479850425984,-0.0009967007787127526,0.0,4.759499822347979e-05,2.4352342524732546e-05,-0.0009060425794033347,0.0007053213725571998
0.017566049276499403,0.04979254069547783,-0.0006130918979605181,0.008242114320284023,-0.000303501191484696,0.0016642580062162127,0.0020501354233982225,-0.0009963519934312185,0.0010112282585134603,0.0031079974111893204,-8.552052214422318e-05,0.0007341556273378919,0.0014690881470607897,0.00018615648821231239,4.759499822347979e-05,0.0,-0.001000870689727182,-0.0004884696521816175,0.00442554082467827
0.017547578012821773,0.049749945224872694,-0.0006271798131093038,0.008172992549982943,-0.000284306824996803,0.0016271401036570784,0.0020104160467566807,-0.0009977783672548424,0.0009789884091480903,0.00306189517252877,-6.355065359107342e-05,0.000704224808988905,0.001433358225835871,0.00016141833098590568,2.4352342524732546e-05,-0.001000870689727182,0.0,-0.0005046821748447361,0.004372558367270026
0.01636516099336616,0.0470522390909313,-0.0009923334238970366,0.004407422059035336,0.001404121858867844,-0.0001602644594887655,6.22887923930513e-05,-0.0005814375029998667,-0.0005070787738917608,0.0007193698414276226,0.0017960351489775992,-0.0006392201882143975,-0.00026830031399093516,-0.0008613288033233699,-0.0009060425794033347,-0.0004884696521816175,-0.0005046821748447361,0.0,0.0016048138972571825
0.013268448693150517,0.040270895175424384,0.0019138360452530198,-0.0004940343256997873,0.00900432685524935,-0.0005143625827893908,-0.0006607191887518327,0.004112929110869521,-0.00016977484966558854,-0.0009093224009918886,0.009786749010370818,2.5202841263595953e-05,-0.0004256239477815387,0.0005383682907831984,0.0007053213725571998,0.00442554082467827,0.004372558367270026,0.0016048138972571825,0.0