0.0,0.05873815718885253,-0.00282239595424995,0.07714373761813993,-0.2490527800707734,-0.2490527800707734,0.003274936644377739,-0.2490527800707734,-0.2490527800707734,-0.2490527800707734,-0.2490527800707734,-0.008954835751664045,0.022244592212941165,-0.005694055986251524,-0.2490527800707734,-0.2490527800707734,-0.2490527800707734,-0.2490527800707734,-0.0019178577054891235,-0.2490527800707734,-0.2490527800707734,-0.2490527800707734,0.018452547342262857,-0.0018073824587947502,0.014939058543669536,0.010874585454526797,-0.2490527800707734,-0.2490527800707734,-0.2490527800707734,-0.2490527800707734,-0.2490527800707734,-0.2490527800707734,-0.2490527800707734,-0.2490527800707734,-0.2490527800707734,-0.025412488249867526,-0.2490527800707734,-0.2490527800707734,-0.2490527800707734,-0.2490527800707734,-0.2490527800707734,-0.2490527800707734,-0.027595168299306472,-0.004968600699289002,-0.2490527800707734,-0.00930787697596039,-0.012920550338264487,-0.2490527800707734,-0.008889039577856242,-0.003400527754695513,-0.2490527800707734,0.0050090380674347665,-0.2490527800707734,-0.2490527800707734,-0.0025382864476635107,-0.2490527800707734,-0.2490527800707734,-0.023941474112479825,-0.2490527800707734,-0.2490527800707734,-0.2490527800707734,-0.0018001637904012625,-0.2490527800707734,0.07722831092669373,-0.010785679369761571,0.008215735717528127,-0.2490527800707734,-0.2490527800707734,-0.013030808591459232,-0.2490527800707734,-0.2490527800707734,-0.2490527800707734,0.03979945822952876,-0.2490527800707734,-0.013611137718623798,-0.2490527800707734,-0.2490527800707734,-0.2490527800707734,-0.2490527800707734,-0.027971810363548743,-0.2490527800707734,-0.0022012396338549275,-0.2490527800707734,-0.2490527800707734,-0.2490527800707734,-0.2490527800707734,-0.2490527800707734,-0.2490527800707734,-0.018809848491188275,-0.0050790344511002315,-0.2490527800707734
0.05873815718885253,0.0,0.020646410608771242,0.011110412975109552,-0.4978482432034217,-0.4978482432034217,-0.06245373524442212,-0.4978482432034217,-0.4978482432034217,-0.4978482432034217,-0.4978482432034217,-0.08258676728835222,-0.03262853549800465,-0.0771619256874235,-0.4978482432034217,-0.4978482432034217,-0.4978482432034217,-0.4978482432034217,-0.07092920881984771,-0.4978482432034217,-0.4978482432034217,-0.4978482432034217,-0.03842957121967921,-0.07074771297833357,-0.04388097545982056,-0.050273610201395334,-0.4978482432034217,-0.4978482432034217,-0.4978482432034217,-0.4978482432034217,-0.4978482432034217,-0.4978482432034217,-0.4978482432034217,-0.4978482432034217,-0.4978482432034217,-0.11046767239596939,-0.4978482432034217,-0.4978482432034217,-0.4978482432034217,-0.4978482432034217,-0.4978482432034217,-0.4978482432034217,-0.11421684501108675,-0.07596028227555393,-0.4978482432034217,-0.08317635534778481,-0.08923338864821198,-0.4978482432034217,-0.08247693323179986,-0.07336977173321932,-0.4978482432034217,-0.05964995265398946,-0.4978482432034217,-0.4978482432034217,-0.07194940433472657,-0.4978482432034217,-0.4978482432034217,-0.10794676906647349,-0.4978482432034217,-0.4978482432034217,-0.4978482432034217,-0.07073585540971804,-0.4978482432034217,-0.01307517574553509,-0.08564889339454322,-0.05450270505493448,-0.4978482432034217,-0.4978482432034217,-0.08941890665188576,-0.4978482432034217,-0.4978482432034217,-0.4978482432034217,-0.007027642534792074,-0.4978482432034217,-0.09039597447368337,-0.4978482432034217,-0.4978482432034217,-0.4978482432034217,-0.4978482432034217,-0.11486480599598789,-0.4978482432034217,-0.07139499271447579,-0.4978482432034217,-0.4978482432034217,-0.4978482432034217,-0.4978482432034217,-0.4978482432034217,-0.4978482432034217,-0.09919286501007185,-0.07614307704970032,-0.4978482432034217
-0.00282239595424995,0.020646410608771242,0.0,0.04148424646347116,-0.15806933886649216,-0.15806933886649216,0.019139488856883453,-0.15806933886649216,-0.15806933886649216,-0.15806933886649216,-0.15806933886649216,0.009957055905321819,0.03413900796487244,0.012374270329300618,-0.15806933886649216,-0.15806933886649216,-0.15806933886649216,-0.15806933886649216,0.015200748471718477,-0.15806933886649216,-0.15806933886649216,-0.15806933886649216,0.031054678845430353,0.01528390121917308,0.028237566693920184,0.025024742863262416,-0.15806933886649216,-0.15806933886649216,-0.15806933886649216,-0.15806933886649216,-0.15806933886649216,-0.15806933886649216,-0.15806933886649216,-0.15806933886649216,-0.15806933886649216,-0.0019649796545595515,-0.15806933886649216,-0.15806933886649216,-0.15806933886649216,-0.15806933886649216,-0.15806933886649216,-0.15806933886649216,-0.0035171320361463694,0.01291494274551031,-0.15806933886649216,0.009696582340320198,0.007044287069281295,-0.15806933886649216,0.01000562632848761,0.01408735281173022,-0.15806933886649216,0.020469194099544338,-0.15806933886649216,-0.15806933886649216,0.014734261798269893,-0.15806933886649216,-0.15806933886649216,-0.0009155768210032695,-0.15806933886649216,-0.15806933886649216,-0.15806933886649216,0.015289335521715627,-0.15806933886649216,0.10113338099970733,0.008608781852997304,0.022948315840632734,-0.15806933886649216,-0.15806933886649216,0.006963703877917249,-0.15806933886649216,-0.15806933886649216,-0.15806933886649216,0.04907853858053566,-0.15806933886649216,0.006539909175859936,-0.15806933886649216,-0.15806933886649216,-0.15806933886649216,-0.15806933886649216,-0.0037843954035568874,-0.15806933886649216,0.014987575046363518,-0.15806933886649216,-0.15806933886649216,-0.15806933886649216,-0.15806933886649216,-0.15806933886649216,-0.15806933886649216,0.0027680422375699555,0.012832568017047755,-0.15806933886649216
0.07714373761813993,0.011110412975109552,0.04148424646347116,0.0,-0.44202376543040073,-0.44202376543040073,-0.02671042074144926,-0.44202376543040073,-0.44202376543040073,-0.44202376543040073,-0.44202376543040073,-0.04590805721278689,0.0014968564826952247,-0.04072609994070354,-0.44202376543040073,-0.44202376543040073,-0.44202376543040073,-0.44202376543040073,-0.03478029629975455,-0.44202376543040073,-0.44202376543040073,-0.44202376543040073,-0.003961095012995163,-0.034607291644573934,-0.009104038152147857,-0.015150381948754978,-0.44202376543040073,-0.44202376543040073,-0.44202376543040073,-0.44202376543040073,-0.44202376543040073,-0.44202376543040073,-0.44202376543040073,-0.44202376543040073,-0.44202376543040073,-0.07261725514113518,-0.44202376543040073,-0.44202376543040073,-0.44202376543040073,-0.44202376543040073,-0.44202376543040073,-0.44202376543040073,-0.07621623135352029,-0.03957908880882667,-0.44202376543040073,-0.046471600176549305,-0.052264738392822835,-0.44202376543040073,-0.04580308243565539,-0.037107447086754564,-0.44202376543040073,-0.024045206842005746,-0.44202376543040073,-0.44202376543040073,-0.03575291109339414,-0.44202376543040073,-0.44202376543040073,-0.07019812811325403,-0.44202376543040073,-0.44202376543040073,-0.44202376543040073,-0.03459598910611186,-0.44202376543040073,0.01917813010665228,-0.048835622320671276,-0.019158662778723967,-0.44202376543040073,-0.44202376543040073,-0.05244227434801535,-0.44202376543040073,-0.44202376543040073,-0.44202376543040073,0.025352489131025144,-0.44202376543040073,-0.053377396779579735,-0.44202376543040073,-0.44202376543040073,-0.44202376543040073,-0.44202376543040073,-0.07683836738856582,-0.44202376543040073,-0.03522432541752962,-0.44202376543040073,-0.44202376543040073,-0.44202376543040073,-0.44202376543040073,-0.44202376543040073,-0.44202376543040073,-0.06180323032043036,-0.039753552566597156,-0.44202376543040073
-0.2490527800707734,-0.4978482432034217,-0.15806933886649216,-0.44202376543040073,0.0,0,0.10233268322144122,0,0,0,0,0.08467183002738962,0.13570086646281823,0.08910549276196304,0,0,0,0,0.09448622822748852,0,0,0,0.12841633137807873,0.0946477098347914,0.1219459335553743,0.11479021740310268,0,0,0,0,0,0,0,0,0,0.06508027731475546,0,0,0,0,0,0,0.06280471898096426,0.09011844220761696,0,0.08420335835347273,0.07953625529466161,0,0.08475938601902774,0.09234151825276547,0,0.10507164125518323,0,0,0.09358367952137399,0,0,0.066654116748396,0,0,0,0.0946582694907384,0,0.10601080444677766,0.08226648285870976,0.11029697652774993,0,0,0.07939739911189496,0,0,0,0.17358156826071708,0,0.07866999614926834,0,0,0,0,0.062419150078585735,0,0.09407307616696446,0,0,0,0,0,0,0.07240693785226293,0.0899636130723108,0
-0.2490527800707734,-0.4978482432034217,-0.15806933886649216,-0.44202376543040073,0,0.0,0.10233268322144122,0,0,0,0,0.08467183002738962,0.13570086646281823,0.08910549276196304,0,0,0,0,0.09448622822748852,0,0,0,0.12841633137807873,0.0946477098347914,0.1219459335553743,0.11479021740310268,0,0,0,0,0,0,0,0,0,0.06508027731475546,0,0,0,0,0,0,0.06280471898096426,0.09011844220761696,0,0.08420335835347273,0.07953625529466161,0,0.08475938601902774,0.09234151825276547,0,0.10507164125518323,0,0,0.09358367952137399,0,0,0.066654116748396,0,0,0,0.0946582694907384,0,0.10601080444677766,0.08226648285870976,0.11029697652774993,0,0,0.07939739911189496,0,0,0,0.17358156826071708,0,0.07866999614926834,0,0,0,0,0.062419150078585735,0,0.09407307616696446,0,0,0,0,0,0,0.07240693785226293,0.0899636130723108,0
0.003274936644377739,-0.06245373524442212,0.019139488856883453,-0.02671042074144926,0.10233268322144122,0.10233268322144122,0.0,0.10233268322144122,0.10233268322144122,0.10233268322144122,0.10233268322144122,-0.00013328796939663013,0.0014767706053668325,-0.0005253131599412484,0.10233268322144122,0.10233268322144122,0.10233268322144122,0.10233268322144122,-0.0008380241791022032,0.10233268322144122,0.10233268322144122,0.10233268322144122,0.0005550732764281625,-0.0008447859048631274,-9.858004566585072e-05,-0.0006261171005623731,0.10233268322144122,0.10233268322144122,0.10233268322144122,0.10233268322144122,0.10233268322144122,0.10233268322144122,0.10233268322144122,0.10233268322144122,0.10233268322144122,0.003324045530313516,0.10233268322144122,0.10233268322144122,0.10233268322144122,0.10233268322144122,0.10233268322144122,0.10233268322144122,0.003940935579753722,-0.0005974530716941108,0.10233268322144122,-8.437620794810116e-05,0.000485371737136082,0.10233268322144122,-0.000142266847714475,-0.0007339606290327674,0.10233268322144122,-0.0009820994992535098,0.10233268322144122,0.10233268322144122,-0.000797480635300796,0.10233268322144122,0.10233268322144122,0.002926899198739249,0.10233268322144122,0.10233268322144122,0.10233268322144122,-0.0008452228932789587,0.10233268322144122,0.0875963014532167,0.00013362663943213994,-0.0008448189785076744,0.10233268322144122,0.10233268322144122,0.0005046900035919021,0.10233268322144122,0.10233268322144122,0.10233268322144122,0.008956030370915745,0.10233268322144122,0.000608197946930061,0.10233268322144122,0.10233268322144122,0.10233268322144122,0.10233268322144122,0.004050618090918288,0.10233268322144122,-0.0008200457962712336,0.10233268322144122,0.10233268322144122,0.10233268322144122,0.10233268322144122,0.10233268322144122,0.10233268322144122,0.0016670319699113043,-0.0005868343905790939,0.10233268322144122
-0.2490527800707734,-0.4978482432034217,-0.15806933886649216,-0.44202376543040073,0,0,0.10233268322144122,0.0,0,0,0,0.08467183002738962,0.13570086646281823,0.08910549276196304,0,0,0,0,0.09448622822748852,0,0,0,0.12841633137807873,0.0946477098347914,0.1219459335553743,0.11479021740310268,0,0,0,0,0,0,0,0,0,0.06508027731475546,0,0,0,0,0,0,0.06280471898096426,0.09011844220761696,0,0.08420335835347273,0.07953625529466161,0,0.08475938601902774,0.09234151825276547,0,0.10507164125518323,0,0,0.09358367952137399,0,0,0.066654116748396,0,0,0,0.0946582694907384,0,0.10601080444677766,0.08226648285870976,0.11029697652774993,0,0,0.07939739911189496,0,0,0,0.17358156826071708,0,0.07866999614926834,0,0,0,0,0.062419150078585735,0,0.09407307616696446,0,0,0,0,0,0,0.07240693785226293,0.0899636130723108,0
-0.2490527800707734,-0.4978482432034217,-0.15806933886649216,-0.44202376543040073,0,0,0.10233268322144122,0,0.0,0,0,0.08467183002738962,0.13570086646281823,0.08910549276196304,0,0,0,0,0.09448622822748852,0,0,0,0.12841633137807873,0.0946477098347914,0.1219459335553743,0.11479021740310268,0,0,0,0,0,0,0,0,0,0.06508027731475546,0,0,0,0,0,0,0.06280471898096426,0.09011844220761696,0,0.08420335835347273,0.07953625529466161,0,0.08475938601902774,0.09234151825276547,0,0.10507164125518323,0,0,0.09358367952137399,0,0,0.066654116748396,0,0,0,0.0946582694907384,0,0.10601080444677766,0.08226648285870976,0.11029697652774993,0,0,0.07939739911189496,0,0,0,0.17358156826071708,0,0.07866999614926834,0,0,0,0,0.062419150078585735,0,0.09407307616696446,0,0,0,0,0,0,0.07240693785226293,0.0899636130723108,0
-0.2490527800707734,-0.4978482432034217,-0.15806933886649216,-0.44202376543040073,0,0,0.10233268322144122,0,0,0.0,0,0.08467183002738962,0.13570086646281823,0.08910549276196304,0,0,0,0,0.09448622822748852,0,0,0,0.12841633137807873,0.0946477098347914,0.1219459335553743,0.11479021740310268,0,0,0,0,0,0,0,0,0,0.06508027731475546,0,0,0,0,0,0,0.06280471898096426,0.09011844220761696,0,0.08420335835347273,0.07953625529466161,0,0.08475938601902774,0.09234151825276547,0,0.10507164125518323,0,0,0.09358367952137399,0,0,0.066654116748396,0,0,0,0.0946582694907384,0,0.10601080444677766,0.08226648285870976,0.11029697652774993,0,0,0.07939739911189496,0,0,0,0.17358156826071708,0,0.07866999614926834,0,0,0,0,0.062419150078585735,0,0.09407307616696446,0,0,0,0,0,0,0.07240693785226293,0.0899636130723108,0
-0.2490527800707734,-0.4978482432034217,-0.15806933886649216,-0.44202376543040073,0,0,0.10233268322144122,0,0,0,0.0,0.08467183002738962,0.13570086646281823,0.08910549276196304,0,0,0,0,0.09448622822748852,0,0,0,0.12841633137807873,0.0946477098347914,0.1219459335553743,0.11479021740310268,0,0,0,0,0,0,0,0,0,0.06508027731475546,0,0,0,0,0,0,0.06280471898096426,0.09011844220761696,0,0.08420335835347273,0.07953625529466161,0,0.08475938601902774,0.09234151825276547,0,0.10507164125518323,0,0,0.09358367952137399,0,0,0.066654116748396,0,0,0,0.0946582694907384,0,0.10601080444677766,0.08226648285870976,0.11029697652774993,0,0,0.07939739911189496,0,0,0,0.17358156826071708,0,0.07866999614926834,0,0,0,0,0.062419150078585735,0,0.09407307616696446,0,0,0,0,0,0,0.07240693785226293,0.0899636130723108,0
-0.008954835751664045,-0.08258676728835222,0.009957055905321819,-0.04590805721278689,0.08467183002738962,0.08467183002738962,-0.00013328796939663013,0.08467183002738962,0.08467183002738962,0.08467183002738962,0.08467183002738962,0.0,0.005272457342456542,-0.0009425102098436564,0.08467183002738973,0.08467183002738973,0.08467183002738973,0.08467183002738973,-0.0007223681405124598,0.08467183002738973,0.08467183002738973,0.08467183002738973,0.0037440150432021227,-0.0007133619453708578,0.002537362002905998,0.0013816038477582502,0.08467183002738973,0.08467183002738973,0.08467183002738973,0.08467183002738973,0.08467183002738973,0.08467183002738973,0.08467183002738973,0.08467183002738973,0.08467183002738973,0.0003185554262986113,0.08467183002738973,0.08467183002738973,0.08467183002738973,0.08467183002738973,0.08467183002738973,0.08467183002738973,0.0006687905621193732,-0.0009132068817826691,0.08467183002738973,-0.001000330198546124,-0.0009182070720999013,0.08467183002738973,-0.0010009776421694475,-0.0008289406871066147,0.08467183002738973,0.00014167382371686353,0.08467183002738973,0.08467183002738973,-0.0007701887207218162,0.08467183002738973,0.08467183002738973,0.00010331969282539176,0.08467183002738973,0.08467183002738973,0.08467183002738973,-0.0007127682741542539,0.08467183002738973,0.0839866297282177,-0.0009831223693039317,0.000758834398467377,0.08467183002738973,0.08467183002738973,-0.00091359842349092,0.08467183002738973,0.08467183002738973,0.08467183002738973,0.01567792694790029,0.08467183002738973,-0.0008873440868692431,0.08467183002738973,0.08467183002738973,0.08467183002738973,0.08467183002738973,0.0007328517138042727,0.08467183002738973,-0.0007447899423747709,0.08467183002738973,0.08467183002738973,0.08467183002738973,0.08467183002738973,0.08467183002738973,0.08467183002738973,-0.0005079622367928534,-0.0009180590158520107,0.08467183002738973
0.022244592212941165,-0.03262853549800465,0.03413900796487244,0.0014968564826952247,0.13570086646281823,0.13570086646281823,0.0014767706053668325,0.13570086646281823,0.13570086646281823,0.13570086646281823,0.13570086646281823,0.005272457342456542,0.0,0.004120988214701016,0.13570086646281823,0.13570086646281823,0.13570086646281823,0.13570086646281823,0.002909441209644979,0.13570086646281823,0.13570086646281823,0.13570086646281823,-0.0008941850117921998,0.002876071764194059,-0.00061116468584558,-7.546485694640668e-05,0.13570086646281823,0.13570086646281823,0.13570086646281823,0.13570086646281823,0.13570086646281823,0.13570086646281823,0.13570086646281823,0.13570086646281823,0.13570086646281823,0.01232719322100587,0.13570086646281823,0.13570086646281823,0.13570086646281823,0.13570086646281823,0.13570086646281823,0.13570086646281823,0.013392072726188746,0.003877779818097598,0.13570086646281823,0.005402662551423788,0.006793836621539689,0.13570086646281823,0.005248307722564063,0.0033688904152763812,0.13570086646281823,0.0010630738239454697,0.13570086646281823,0.13570086646281823,0.003099085145994318,0.13570086646281823,0.13570086646281823,0.011624337469252104,0.13570086646281823,0.13570086646281823,0.13570086646281823,0.0028738955602801253,0.13570086646281823,0.0966839332946974,0.005958979146133886,0.00038922492037253136,0.13570086646281823,0.13570086646281823,0.006837925510024088,0.13570086646281823,0.13570086646281823,0.13570086646281823,0.0015059914989368087,0.13570086646281823,0.007071518484111401,0.13570086646281823,0.13570086646281823,0.13570086646281823,0.13570086646281823,0.01357838438482147,0.13570086646281823,0.00299559067176714,0.13570086646281823,0.13570086646281823,0.13570086646281823,0.13570086646281823,0.13570086646281823,0.13570086646281823,0.009273876725826613,0.003914489168698197,0.13570086646281823
-0.005694055986251524,-0.0771619256874235,0.012374270329300618,-0.04072609994070354,0.08910549276196304,0.08910549276196304,-0.0005253131599412484,0.08910549276196304,0.08910549276196304,0.08910549276196304,0.08910549276196304,-0.0009425102098436564,0.004120988214701016,0.0,0.08910549276196325,0.08910549276196325,0.08910549276196325,0.08910549276196325,-0.0009191951161093381,0.08910549276196325,0.08910549276196325,0.08910549276196325,0.0027498525058089166,-0.000914282080516053,0.0016866029623038652,0.0006937904991280517,0.08910549276196325,0.08910549276196325,0.08910549276196325,0.08910549276196325,0.08910549276196325,0.08910549276196325,0.08910549276196325,0.08910549276196325,0.08910549276196325,0.0009324104649082588,0.08910549276196325,0.08910549276196325,0.08910549276196325,0.08910549276196325,0.08910549276196325,0.08910549276196325,0.001351949717047063,-0.000998035871346374,0.08910549276196325,-0.0009293119397592057,-0.0007205472612672451,0.08910549276196325,-0.0009448245748580629,-0.0009710868168752403,0.08910549276196325,-0.00031680003686030024,0.08910549276196325,0.08910549276196325,-0.0009440770079557851,0.08910549276196325,0.08910549276196325,0.000669899771931383,0.08910549276196325,0.08910549276196325,0.08910549276196325,-0.0009139559551116988,0.08910549276196325,0.08479925227426947,-0.0008599581944470271,0.0001758467208607237,0.08910549276196325,0.08910549276196325,-0.0007121180071756956,0.08910549276196325,0.08910549276196325,0.08910549276196325,0.013768305246208432,0.08910549276196325,-0.0006657978481285902,0.08910549276196325,0.08910549276196325,0.08910549276196325,0.08910549276196325,0.0014278686364012805,0.08910549276196325,-0.0009311294148575676,0.08910549276196325,0.08910549276196325,0.08910549276196325,0.08910549276196325,0.08910549276196325,0.08910549276196325,-0.00010991060275268692,-0.0009988713067964124,0.08910549276196325
-0.2490527800707734,-0.4978482432034217,-0.15806933886649216,-0.44202376543040073,0,0,0.10233268322144122,0,0,0,0,0.08467183002738973,0.13570086646281823,0.08910549276196325,0.0,0,0,0,0.09448622822748852,0,0,0,0.12841633137807873,0.0946477098347914,0.1219459335553743,0.11479021740310268,0,0,0,0,0,0,0,0,0,0.06508027731475546,0,0,0,0,0,0,0.06280471898096426,0.09011844220761696,0,0.08420335835347273,0.07953625529466161,0,0.08475938601902774,0.09234151825276547,0,0.10507164125518323,0,0,0.09358367952137399,0,0,0.066654116748396,0,0,0,0.0946582694907384,0,0.10601080444677766,0.08226648285870976,0.11029697652774993,0,0,0.07939739911189496,0,0,0,0.17358156826071708,0,0.07866999614926834,0,0,0,0,0.062419150078585735,0,0.09407307616696446,0,0,0,0,0,0,0.07240693785226293,0.0899636130723108,0
-0.2490527800707734,-0.4978482432034217,-0.15806933886649216,-0.44202376543040073,0,0,0.10233268322144122,0,0,0,0,0.08467183002738973,0.13570086646281823,0.08910549276196325,0,0.0,0,0,0.09448622822748852,0,0,0,0.12841633137807873,0.0946477098347914,0.1219459335553743,0.11479021740310268,0,0,0,0,0,0,0,0,0,0.06508027731475546,0,0,0,0,0,0,0.06280471898096426,0.09011844220761696,0,0.08420335835347273,0.07953625529466161,0,0.08475938601902774,0.09234151825276547,0,0.10507164125518323,0,0,0.09358367952137399,0,0,0.066654116748396,0,0,0,0.0946582694907384,0,0.10601080444677766,0.08226648285870976,0.11029697652774993,0,0,0.07939739911189496,0,0,0,0.17358156826071708,0,0.07866999614926834,0,0,0,0,0.062419150078585735,0,0.09407307616696446,0,0,0,0,0,0,0.07240693785226293,0.0899636130723108,0
-0.2490527800707734,-0.4978482432034217,-0.15806933886649216,-0.44202376543040073,0,0,0.10233268322144122,0,0,0,0,0.08467183002738973,0.13570086646281823,0.08910549276196325,0,0,0.0,0,0.09448622822748852,0,0,0,0.12841633137807873,0.0946477098347914,0.1219459335553743,0.11479021740310268,0,0,0,0,0,0,0,0,0,0.06508027731475546,0,0,0,0,0,0,0.06280471898096426,0.09011844220761696,0,0.08420335835347273,0.07953625529466161,0,0.08475938601902774,0.09234151825276547,0,0.10507164125518323,0,0,0.09358367952137399,0,0,0.066654116748396,0,0,0,0.0946582694907384,0,0.10601080444677766,0.08226648285870976,0.11029697652774993,0,0,0.07939739911189496,0,0,0,0.17358156826071708,0,0.07866999614926834,0,0,0,0,0.062419150078585735,0,0.09407307616696446,0,0,0,0,0,0,0.07240693785226293,0.0899636130723108,0
-0.2490527800707734,-0.4978482432034217,-0.15806933886649216,-0.44202376543040073,0,0,0.10233268322144122,0,0,0,0,0.08467183002738973,0.13570086646281823,0.08910549276196325,0,0,0,0.0,0.09448622822748852,0,0,0,0.12841633137807873,0.0946477098347914,0.1219459335553743,0.11479021740310268,0,0,0,0,0,0,0,0,0,0.06508027731475546,0,0,0,0,0,0,0.06280471898096426,0.09011844220761696,0,0.08420335835347273,0.07953625529466161,0,0.08475938601902774,0.09234151825276547,0,0.10507164125518323,0,0,0.09358367952137399,0,0,0.066654116748396,0,0,0,0.0946582694907384,0,0.10601080444677766,0.08226648285870976,0.11029697652774993,0,0,0.07939739911189496,0,0,0,0.17358156826071708,0,0.07866999614926834,0,0,0,0,0.062419150078585735,0,0.09407307616696446,0,0,0,0,0,0,0.07240693785226293,0.0899636130723108,0
-0.0019178577054891235,-0.07092920881984771,0.015200748471718477,-0.03478029629975455,0.09448622822748852,0.09448622822748852,-0.0008380241791022032,0.09448622822748852,0.09448622822748852,0.09448622822748852,0.09448622822748852,-0.0007223681405124598,0.002909441209644979,-0.0009191951161093381,0.09448622822748852,0.09448622822748852,0.09448622822748852,0.09448622822748852,0.0,0.09448622822748852,0.09448622822748852,0.09448622822748852,0.0017245465584145852,-0.0010009293674353439,0.0008310495289552308,3.108998820570017e-05,0.09448622822748852,0.09448622822748852,0.09448622822748852,0.09448622822748852,0.09448622822748852,0.09448622822748852,0.09448622822748852,0.09448622822748852,0.09448622822748852,0.0018090557864927413,0.09448622822748852,0.09448622822748852,0.09448622822748852,0.09448622822748852,0.09448622822748852,0.09448622822748852,0.002310492341326125,-0.0009473785696178639,0.09448622822748852,-0.0006943566008081048,-0.0003358543094502004,0.09448622822748852,-0.0007274468003788765,-0.000988218097456997,0.09448622822748852,-0.0007081261722996152,0.09448622822748852,0.09448622822748852,-0.0009987513397968096,0.09448622822748852,0.09448622822748852,0.0014906762746638906,0.09448622822748852,0.09448622822748852,0.09448622822748852,-0.0010009196968147197,0.09448622822748852,0.08587262059992731,-0.0005633444023178162,-0.0003628065130266363,0.09448622822748852,0.09448622822748852,-0.00032290799417929454,0.09448622822748852,0.09448622822748852,0.09448622822748852,0.011658695159789617,0.09448622822748852,-0.0002528645360984261,0.09448622822748852,0.09448622822748852,0.09448622822748852,0.09448622822748852,0.002400423068323062,0.09448622822748852,-0.001000530746601133,0.09448622822748852,0.09448622822748852,0.09448622822748852,0.09448622822748852,0.09448622822748852,0.09448622822748852,0.0005116780503849471,-0.0009434636424397613,0.09448622822748852
-0.2490527800707734,-0.4978482432034217,-0.15806933886649216,-0.44202376543040073,0,0,0.10233268322144122,0,0,0,0,0.08467183002738973,0.13570086646281823,0.08910549276196325,0,0,0,0,0.09448622822748852,0.0,0,0,0.12841633137807873,0.0946477098347914,0.1219459335553743,0.11479021740310268,0,0,0,0,0,0,0,0,0,0.06508027731475546,0,0,0,0,0,0,0.06280471898096426,0.09011844220761696,0,0.08420335835347273,0.07953625529466161,0,0.08475938601902774,0.09234151825276547,0,0.10507164125518323,0,0,0.09358367952137399,0,0,0.066654116748396,0,0,0,0.0946582694907384,0,0.10601080444677766,0.08226648285870976,0.11029697652774993,0,0,0.07939739911189496,0,0,0,0.17358156826071708,0,0.07866999614926834,0,0,0,0,0.062419150078585735,0,0.09407307616696446,0,0,0,0,0,0,0.07240693785226293,0.0899636130723108,0
-0.2490527800707734,-0.4978482432034217,-0.15806933886649216,-0.44202376543040073,0,0,0.10233268322144122,0,0,0,0,0.08467183002738973,0.13570086646281823,0.08910549276196325,0,0,0,0,0.09448622822748852,0,0.0,0,0.12841633137807873,0.0946477098347914,0.1219459335553743,0.11479021740310268,0,0,0,0,0,0,0,0,0,0.06508027731475546,0,0,0,0,0,0,0.06280471898096426,0.09011844220761696,0,0.08420335835347273,0.07953625529466161,0,0.08475938601902774,0.09234151825276547,0,0.10507164125518323,0,0,0.09358367952137399,0,0,0.066654116748396,0,0,0,0.0946582694907384,0,0.10601080444677766,0.08226648285870976,0.11029697652774993,0,0,0.07939739911189496,0,0,0,0.17358156826071708,0,0.07866999614926834,0,0,0,0,0.062419150078585735,0,0.09407307616696446,0,0,0,0,0,0,0.07240693785226293,0.0899636130723108,0
-0.2490527800707734,-0.4978482432034217,-0.15806933886649216,-0.44202376543040073,0,0,0.10233268322144122,0,0,0,0,0.08467183002738973,0.13570086646281823,0.08910549276196325,0,0,0,0,0.09448622822748852,0,0,0.0,0.12841633137807873,0.0946477098347914,0.1219459335553743,0.11479021740310268,0,0,0,0,0,0,0,0,0,0.06508027731475546,0,0,0,0,0,0,0.06280471898096426,0.09011844220761696,0,0.08420335835347273,0.07953625529466161,0,0.08475938601902774,0.09234151825276547,0,0.10507164125518323,0,0,0.09358367952137399,0,0,0.066654116748396,0,0,0,0.0946582694907384,0,0.10601080444677766,0.08226648285870976,0.11029697652774993,0,0,0.07939739911189496,0,0,0,0.17358156826071708,0,0.07866999614926834,0,0,0,0,0.062419150078585735,0,0.09407307616696446,0,0,0,0,0,0,0.07240693785226293,0.0899636130723108,0
0.018452547342262857,-0.03842957121967921,0.031054678845430353,-0.003961095012995163,0.12841633137807873,0.12841633137807873,0.0005550732764281625,0.12841633137807873,0.12841633137807873,0.12841633137807873,0.12841633137807873,0.0037440150432021227,-0.0008941850117921998,0.0027498525058089166,0.12841633137807873,0.12841633137807873,0.12841633137807873,0.12841633137807873,0.0017245465584145852,0.12841633137807873,0.12841633137807873,0.12841633137807873,0.0,0.001696691315752686,-0.0009124609853017422,-0.0005974322323550398,0.1284163313780789,0.1284163313780789,0.1284163313780789,0.1284163313780789,0.1284163313780789,0.1284163313780789,0.1284163313780789,0.1284163313780789,0.1284163313780789,0.010054259113772106,0.1284163313780789,0.1284163313780789,0.1284163313780789,0.1284163313780789,0.1284163313780789,0.1284163313780789,0.011026501974289388,0.002542084781077276,0.1284163313780789,0.0038573844543131125,0.0050784727107487755,0.1284163313780789,0.00372300733054805,0.002110350991444282,0.1284163313780789,0.00023108097707044613,0.1284163313780789,0.1284163313780789,0.001883291904436214,0.1284163313780789,0.1284163313780789,0.009414628609167947,0.1284163313780789,0.1284163313780789,0.1284163313780789,0.001694875550132824,0.1284163313780789,0.09448527320840987,0.004343642473469779,-0.00027452893410857056,0.1284163313780789,0.1284163313780789,0.005117433425395556,0.1284163313780789,0.1284163313780789,0.1284163313780789,0.0026468267375392906,0.1284163313780789,0.0053240961959935785,0.1284163313780789,0.1284163313780789,0.1284163313780789,0.1284163313780789,0.011196969717362054,0.1284163313780789,0.0017965684641401665,0.1284163313780789,0.1284163313780789,0.1284163313780789,0.1284163313780789,0.1284163313780789,0.1284163313780789,0.007289782748093417,0.0025733887081449466,0.1284163313780789
-0.0018073824587947502,-0.07074771297833357,0.01528390121917308,-0.034607291644573934,0.0946477098347914,0.0946477098347914,-0.0008447859048631274,0.0946477098347914,0.0946477098347914,0.0946477098347914,0.0946477098347914,-0.0007133619453708578,0.002876071764194059,-0.000914282080516053,0.0946477098347914,0.0946477098347914,0.0946477098347914,0.0946477098347914,-0.0010009293674353439,0.0946477098347914,0.0946477098347914,0.0946477098347914,0.001696691315752686,0.0,0.0008082198339088463,1.3969196035770558e-05,0.0946477098347914,0.0946477098347914,0.0946477098347914,0.0946477098347914,0.0946477098347914,0.0946477098347914,0.0946477098347914,0.0946477098347914,0.0946477098347914,0.0018374829477631495,0.0946477098347914,0.0946477098347914,0.0946477098347914,0.0946477098347914,0.0946477098347914,0.0946477098347914,0.002341341762146324,-0.0009433872139082065,0.0946477098347914,-0.0006849121205749101,-0.00032197968072810714,0.0946477098347914,-0.0007185223937102583,-0.000986232642367165,0.0946477098347914,-0.0007172146030128208,0.0946477098347914,0.0946477098347914,-0.000997876833881916,0.0946477098347914,0.0946477098347914,0.0015174509564671106,0.0946477098347914,0.0946477098347914,0.0946477098347914,-0.0010010006949461188,0.0946477098347914,0.08590624516972696,-0.0005520756490045434,-0.0003762555126718072,0.0946477098347914,0.0946477098347914,-0.0003088997286464549,0.0946477098347914,0.0946477098347914,0.0946477098347914,0.011598728412295041,0.0946477098347914,-0.00023815442420162258,0.0946477098347914,0.0946477098347914,0.0946477098347914,0.0946477098347914,0.002431686903166009,0.0946477098347914,-0.001000092038197002,0.0946477098347914,0.0946477098347914,0.0946477098347914,0.0946477098347914,0.0946477098347914,0.0946477098347914,0.000532560795410604,-0.0009393317235659662,0.0946477098347914
0.014939058543669536,-0.04388097545982056,0.028237566693920184,-0.009104038152147857,0.1219459335553743,0.1219459335553743,-9.858004566585072e-05,0.1219459335553743,0.1219459335553743,0.1219459335553743,0.1219459335553743,0.002537362002905998,-0.00061116468584558,0.0016866029623038652,0.1219459335553743,0.1219459335553743,0.1219459335553743,0.1219459335553743,0.0008310495289552308,0.1219459335553743,0.1219459335553743,0.1219459335553743,-0.0009124609853017422,0.0008082198339088463,0.0,-0.0008869395646355231,0.12194593355537446,0.12194593355537446,0.12194593355537446,0.12194593355537446,0.12194593355537446,0.12194593355537446,0.12194593355537446,0.12194593355537446,0.12194593355537446,0.008168616128431373,0.12194593355537446,0.12194593355537446,0.12194593355537446,0.12194593355537446,0.12194593355537446,0.12194593355537446,0.009056337979918555,0.0015111405775410757,0.12194593355537446,0.002635382306618746,0.0037013901697458104,0.12194593355537446,0.002519218722655602,0.0011497328506646352,0.12194593355537446,-0.0003408412264379213,0.12194593355537446,0.12194593355537446,0.0009616339485484753,0.12194593355537446,0.12194593355537446,0.007586667443009753,0.12194593355537446,0.12194593355537446,0.12194593355537446,0.0008067325644929872,0.12194593355537446,0.09262632624214066,0.0030577656044919,-0.0006931849691007454,0.12194593355537446,0.12194593355537446,0.003735674733627676,0.12194593355537446,0.12194593355537446,0.12194593355537446,0.0038706073427600646,0.12194593355537446,0.003917780681499095,0.12194593355537446,0.12194593355537446,0.12194593355537446,0.12194593355537446,0.009212349072031127,0.12194593355537446,0.0008901957060617893,0.12194593355537446,0.12194593355537446,0.12194593355537446,0.12194593355537446,0.12194593355537446,0.12194593355537446,0.005667625871446027,0.0015375173544166876,0.12194593355537446
0.010874585454526797,-0.050273610201395334,0.025024742863262416,-0.015150381948754978,0.11479021740310268,0.11479021740310268,-0.0006261171005623731,0.11479021740310268,0.11479021740310268,0.11479021740310268,0.11479021740310268,0.0013816038477582502,-7.546485694640668e-05,0.0006937904991280517,0.11479021740310268,0.11479021740310268,0.11479021740310268,0.11479021740310268,3.108998820570017e-05,0.11479021740310268,0.11479021740310268,0.11479021740310268,-0.0005974322323550398,1.3969196035770558e-05,-0.0008869395646355231,0.0,0.11479021740310284,0.11479021740310284,0.11479021740310284,0.11479021740310284,0.11479021740310284,0.11479021740310284,0.11479021740310284,0.11479021740310284,0.11479021740310284,0.006240995623990799,0.11479021740310284,0.11479021740310284,0.11479021740310284,0.11479021740310284,0.11479021740310284,0.11479021740310284,0.0070325956370028645,0.0005550323675085926,0.11479021740310284,0.0014621818651468599,0.0023519445920746557,0.11479021740310284,0.0013667155945359594,0.00027352236813935835,0.11479021740310284,-0.0007755613237980628,0.11479021740310284,0.11479021740310284,0.0001296836939011868,0.11479021740310284,0.11479021740310284,0.005724640687627971,0.11479021740310284,0.11479021740310284,0.11479021740310284,1.2855089443868912e-05,0.11479021740310284,0.09068070935981669,0.0018119766552880802,-0.0009538720468876554,0.11479021740310284,0.11479021740310284,0.002380914364173903,0.11479021740310284,0.11479021740310284,0.11479021740310284,0.005473111901934951,0.11479021740310284,0.0025351092220571164,0.11479021740310284,0.11479021740310284,0.11479021740310284,0.11479021740310284,0.007172164953413332,0.11479021740310284,7.560950258959918e-05,0.11479021740310284,0.11479021740310284,0.11479021740310284,0.11479021740310284,0.11479021740310284,0.11479021740310284,0.004039598845090976,0.0005758111625568076,0.11479021740310284
-0.2490527800707734,-0.4978482432034217,-0.15806933886649216,-0.44202376543040073,0,0,0.10233268322144122,0,0,0,0,0.08467183002738973,0.13570086646281823,0.08910549276196325,0,0,0,0,0.09448622822748852,0,0,0,0.1284163313780789,0.0946477098347914,0.12194593355537446,0.11479021740310284,0.0,0,0,0,0,0,0,0,0,0.06508027731475546,0,0,0,0,0,0,0.06280471898096426,0.09011844220761696,0,0.08420335835347273,0.07953625529466161,0,0.08475938601902774,0.09234151825276547,0,0.10507164125518323,0,0,0.09358367952137399,0,0,0.066654116748396,0,0,0,0.0946582694907384,0,0.10601080444677766,0.08226648285870976,0.11029697652774993,0,0,0.07939739911189496,0,0,0,0.17358156826071708,0,0.07866999614926834,0,0,0,0,0.062419150078585735,0,0.09407307616696446,0,0,0,0,0,0,0.07240693785226293,0.0899636130723108,0
-0.2490527800707734,-0.4978482432034217,-0.15806933886649216,-0.44202376543040073,0,0,0.10233268322144122,0,0,0,0,0.08467183002738973,0.13570086646281823,0.08910549276196325,0,0,0,0,0.09448622822748852,0,0,0,0.1284163313780789,0.0946477098347914,0.12194593355537446,0.11479021740310284,0,0.0,0,0,0,0,0,0,0,0.06508027731475546,0,0,0,0,0,0,0.06280471898096426,0.09011844220761696,0,0.08420335835347273,0.07953625529466161,0,0.08475938601902774,0.09234151825276547,0,0.10507164125518323,0,0,0.09358367952137399,0,0,0.066654116748396,0,0,0,0.0946582694907384,0,0.10601080444677766,0.08226648285870976,0.11029697652774993,0,0,0.07939739911189496,0,0,0,0.17358156826071708,0,0.07866999614926834,0,0,0,0,0.062419150078585735,0,0.09407307616696446,0,0,0,0,0,0,0.07240693785226293,0.0899636130723108,0
-0.2490527800707734,-0.4978482432034217,-0.15806933886649216,-0.44202376543040073,0,0,0.10233268322144122,0,0,0,0,0.08467183002738973,0.13570086646281823,0.08910549276196325,0,0,0,0,0.09448622822748852,0,0,0,0.1284163313780789,0.0946477098347914,0.12194593355537446,0.11479021740310284,0,0,0.0,0,0,0,0,0,0,0.06508027731475546,0,0,0,0,0,0,0.06280471898096426,0.09011844220761696,0,0.08420335835347273,0.07953625529466161,0,0.08475938601902774,0.09234151825276547,0,0.10507164125518323,0,0,0.09358367952137399,0,0,0.066654116748396,0,0,0,0.0946582694907384,0,0.10601080444677766,0.08226648285870976,0.11029697652774993,0,0,0.07939739911189496,0,0,0,0.17358156826071708,0,0.07866999614926834,0,0,0,0,0.062419150078585735,0,0.09407307616696446,0,0,0,0,0,0,0.07240693785226293,0.0899636130723108,0
-0.2490527800707734,-0.4978482432034217,-0.15806933886649216,-0.44202376543040073,0,0,0.10233268322144122,0,0,0,0,0.08467183002738973,0.13570086646281823,0.08910549276196325,0,0,0,0,0.09448622822748852,0,0,0,0.1284163313780789,0.0946477098347914,0.12194593355537446,0.11479021740310284,0,0,0,0.0,0,0,0,0,0,0.06508027731475546,0,0,0,0,0,0,0.06280471898096426,0.09011844220761696,0,0.08420335835347273,0.07953625529466161,0,0.08475938601902774,0.09234151825276547,0,0.10507164125518323,0,0,0.09358367952137399,0,0,0.066654116748396,0,0,0,0.0946582694907384,0,0.10601080444677766,0.08226648285870976,0.11029697652774993,0,0,0.07939739911189496,0,0,0,0.17358156826071708,0,0.07866999614926834,0,0,0,0,0.062419150078585735,0,0.09407307616696446,0,0,0,0,0,0,0.07240693785226293,0.0899636130723108,0
-0.2490527800707734,-0.4978482432034217,-0.15806933886649216,-0.44202376543040073,0,0,0.10233268322144122,0,0,0,0,0.08467183002738973,0.13570086646281823,0.08910549276196325,0,0,0,0,0.09448622822748852,0,0,0,0.1284163313780789,0.0946477098347914,0.12194593355537446,0.11479021740310284,0,0,0,0,0.0,0,0,0,0,0.06508027731475546,0,0,0,0,0,0,0.06280471898096426,0.09011844220761696,0,0.08420335835347273,0.07953625529466161,0,0.08475938601902774,0.09234151825276547,0,0.10507164125518323,0,0,0.09358367952137399,0,0,0.066654116748396,0,0,0,0.0946582694907384,0,0.10601080444677766,0.08226648285870976,0.11029697652774993,0,0,0.07939739911189496,0,0,0,0.17358156826071708,0,0.07866999614926834,0,0,0,0,0.062419150078585735,0,0.09407307616696446,0,0,0,0,0,0,0.07240693785226293,0.0899636130723108,0
-0.2490527800707734,-0.4978482432034217,-0.15806933886649216,-0.44202376543040073,0,0,0.10233268322144122,0,0,0,0,0.08467183002738973,0.13570086646281823,0.08910549276196325,0,0,0,0,0.09448622822748852,0,0,0,0.1284163313780789,0.0946477098347914,0.12194593355537446,0.11479021740310284,0,0,0,0,0,0.0,0,0,0,0.06508027731475546,0,0,0,0,0,0,0.06280471898096426,0.09011844220761696,0,0.08420335835347273,0.07953625529466161,0,0.08475938601902774,0.09234151825276547,0,0.10507164125518323,0,0,0.09358367952137399,0,0,0.066654116748396,0,0,0,0.0946582694907384,0,0.10601080444677766,0.08226648285870976,0.11029697652774993,0,0,0.07939739911189496,0,0,0,0.17358156826071708,0,0.07866999614926834,0,0,0,0,0.062419150078585735,0,0.09407307616696446,0,0,0,0,0,0,0.07240693785226293,0.0899636130723108,0
