0.0,0.10754464317189488,-0.0003193018575063751,-0.001000855140203,0.10754464317189488,0.10754464317189488,0.10754464317189488
0.10754464317189488,0.0,0.09142403592211173,0.10730003551905709,0,0,0
-0.0003193018575063751,0.09142403592211173,0.0,-0.0003390959371667303,0.09142403592211173,0.09142403592211173,0.09142403592211173
-0.001000855140203,0.10730003551905709,-0.0003390959371667303,0.0,0.10730003551905724,0.10730003551905724,0.10730003551905724
0.10754464317189488,0,0.09142403592211173,0.10730003551905724,0.0,0,0
0.10754464317189488,0,0.09142403592211173,0.10730003551905724,0,0.0,0
0.10754464317189488,0,0.09142403592211173,0.10730003551905724,0,0,0.0