0.0,-0.002223382284886068,-0.25182090746402824,-0.25178004101858054,-0.2518539337182066,-0.2519728338048944,-0.550216645093062,-0.25243224688302074,-0.2520756985934182,-0.25187622645088953,-0.2519867727386253,-0.252020764677594,-0.550216645093062,-0.2518022264436309,-0.550216645093062,-0.2519697964888995,-0.25183442397501754,-0.2593909971512394,-0.2525369764347668,-0.2518626717963976,-0.2526091421311173,-0.25190624285918084,-0.252453579599106,-0.2519509749353538,-0.2517916939531744,-0.25472464482956736,-0.25185694747569465,-0.25263861179719505,-0.2529517898315841,-0.2518057638368999,-0.2524152216678595,-0.6836799587620574,-0.2541290137775125,-0.6836799587620574,-0.6836799587620574,-0.25195205142223626,-0.25310561265272763,-0.2517785902419518,-0.550216645093062
-0.002223382284886068,0.0,-0.17807296854750465,-0.17822046236628675,-0.1780106057256749,-0.17914329283588626,-0.47438640220189743,-0.177774212526122,-0.17937663571961018,-0.17888418284000374,-0.17787768840143464,-0.17925572338896703,-0.47438640220189743,-0.1786118853571888,-0.47438640220189743,-0.17913589724867246,-0.17804458230162193,-0.18104468880517596,-0.17777782489569374,-0.17884204874439896,-0.1803493240646092,-0.1789711342071418,-0.1777744197356634,-0.1779032219169249,-0.17816035356784277,-0.178484835285285,-0.17800592106577964,-0.18039728590931406,-0.18088690320898337,-0.17862874605728019,-0.18002271466797334,-0.5163463041557278,-0.17822741622060082,-0.5163463041557278,-0.5163463041557278,-0.17790237582383217,-0.1811167715862521,-0.1782308831386043,-0.47438640220189743
-0.25182090746402824,-0.17807296854750465,0.0,-0.0009798439292516717,-0.0009957656780640667,-0.0004448159630533511,0.25562929002390333,-0.0005674008212719014,-0.000261263581283364,-0.000633011129766119,-0.000928326287415732,-0.0003578194458803848,0.25562929002390333,-0.000806250023782747,0.25562929002390333,-0.00045043614574906014,-0.000999984039198209,0.006953970724897585,-0.0004715464413075403,-0.0006616959707304971,0.0005957740830617776,-0.0005719938687768713,-0.0005480838353512436,-0.0009505479651187206,-0.0009929682018550072,0.0017767285222765503,-0.0009948923319487233,0.0006407834574989629,0.0011108112065910155,-0.000796456832595825,0.0002951023912355117,0.3307352914319416,0.0011397401740435155,0.3307352914319416,0.3307352914319416,-0.0009499105447112121,0.0013372422650086131,-0.0009770563301725636,0.25562929002390333
-0.25178004101858054,-0.17822046236628675,-0.0009798439292516717,0.0,-0.0009535599504663341,-0.0006405932442380243,0.2512937016949294,-0.0003547156976826815,-0.0004902799301504446,-0.0007883166432893709,-0.0008287485083052424,-0.0005699425349288723,0.2512937016949294,-0.0009134702124715633,0.2512937016949294,-0.0006451148400482884,-0.0009695499860833597,0.007793820770196167,-0.00023875342611563672,-0.000809985243685933,0.000249442465331016,-0.0007413661392646069,-0.00033118004017716177,-0.0008640497737056734,-0.0009978841232814153,0.002282332663595695,-0.0009509986534625579,0.00028931221978490724,0.0007093971457920108,-0.0009068649866643682,-1.4849250162129169e-05,0.335589070767703,0.0015862595965680743,0.335589070767703,0.335589070767703,-0.0008630009082918248,0.0009137733564081814,-0.001000914771167746,0.2512937016949294
-0.2518539337182066,-0.1780106057256749,-0.0009957656780640667,-0.0009535599504663341,0.0,-0.0003316763345787177,0.257797729232381,-0.0006574471317475348,-0.00013159221120942962,-0.0005400010453360226,-0.0009621021527380641,-0.00023655003516678645,0.257797729232381,-0.0007371570501848645,0.257797729232381,-0.00033784291611842047,-0.0009993635268087245,0.006551825500848415,-0.0005715968452354425,-0.0005721756334199769,0.0007837899365191865,-0.00047198729717022955,-0.0006402290100146464,-0.0009778170958573465,-0.0009747631069137847,0.001540933998394107,-0.0010009673325556431,0.0008313552842130345,0.0013262194760027286,-0.0007257781734959622,0.00046502591550833314,0.328331336690183,0.0009333471185416261,0.328331336690183,0.328331336690183,-0.0009773843570370824,0.0015636180587911747,-0.0009494286107463436,0.257797729232381
-0.2519728338048944,-0.17914329283588626,-0.0004448159630533511,-0.0006405932442380243,-0.0003316763345787177,0.0,0.23373568791346175,0.0009704653233980475,-0.000987931923943981,-0.0009816321049699879,2.9852657507825595e-05,-0.0009978407328603053,0.23373568791346175,-0.000908282467074504,0.23373568791346175,-0.0010009867270489524,-0.00039624069691147055,0.011703654963517331,0.001169360617501171,-0.0009743351210022406,-0.0007326982905340931,-0.000992755841514634,0.0010114008320886176,-5.9412030360514416e-05,-0.0005704508394351018,0.004815205462925036,-0.00032215004168652397,-0.0007140574835931254,-0.0005002735403050181,-0.0009148368686386756,-0.0008467323185359389,0.3559177008894357,0.003875602211357267,0.3559177008894357,0.3559177008894357,-5.666560829191952e-05,-0.00038700868310589893,-0.0006516555529215297,0.23373568791346175
-0.550216645093062,-0.47438640220189743,0.25562929002390333,0.2512937016949294,0.257797729232381,0.23373568791346175,0.0,0.2756484214348021,0.23045444775701934,0.23775723887180292,0.26374787002823935,0.23211965171657845,0,0.2425728829866335,0,0.23384446936517145,0.2565840451695224,0.34575225012558825,0.27778770100162115,0.2384573595476482,0.2190295319264325,0.23635619313535405,0.27609665436695907,0.26238626007646443,0.25295406936132725,0.30751894678660063,0.25797196069713,0.21853456802246712,0.21374925349488244,0.24225235290564848,0.22254641929060578,1.0,0.3009679146359647,1.0,1.0,0.26242904633711855,0.21165011947125453,0.25101798586959906,0
-0.25243224688302074,-0.177774212526122,-0.0005674008212719014,-0.0003547156976826815,-0.0006574471317475348,0.0009704653233980475,0.2756484214348021,0.0,0.001304380629334817,0.0005991701414858782,-0.0008497437864825509,0.0011314067820783723,0.2756484214348022,0.0002083597879447256,0.2756484214348022,0.0009598752484814998,-0.0006083775895911155,0.0036774676331635518,-0.0009962177131765206,0.0005387407492723006,0.0026920044605533828,0.0007238297289855568,-0.0010007904733247788,-0.0008127476388609298,-0.00044135023550436673,1.5961179351746357e-05,-0.0006642149275228686,0.002760255040718718,0.0034561054486609523,0.00023257844709347625,0.0022268141420224347,0.3091181036999796,-0.0003532373617013472,0.3091181036999796,0.3091181036999796,-0.0008139730028894854,0.0037822502553555327,-0.00033970155230644464,0.2756484214348022
-0.2520756985934182,-0.17937663571961018,-0.000261263581283364,-0.0004902799301504446,-0.00013159221120942962,-0.000987931923943981,0.23045444775701934,0.001304380629334817,0.0,-0.0009367431932203285,0.0002749882701438592,-0.0009976249383727108,0.23045444775701945,-0.0008255961652021433,0.23045444775701945,-0.000987053830374244,-0.00020540190266705115,0.012528921084544724,0.0015190536317575627,-0.0009239305367456857,-0.0008380552815757837,-0.0009589258049418586,0.0013486264617392648,0.00017545395832242164,-0.00040737876528706713,0.00537880236193205,-0.00012074026711302786,-0.0008234588825492644,-0.0006489807915787514,-0.0008346561794777714,-0.0009234646048162308,0.35984170158619966,0.004392897393173254,0.35984170158619966,0.35984170158619966,0.00017852344255239942,-0.0005530766214245481,-0.000503464487508903,0.23045444775701945
-0.25187622645088953,-0.17888418284000374,-0.000633011129766119,-0.0007883166432893709,-0.0005400010453360226,-0.0009816321049699879,0.23775723887180292,0.0005991701414858782,-0.0009367431932203285,0.0,-0.000233329972013177,-0.0009628245063465313,0.23775723887180303,-0.0009736680665070235,0.23775723887180303,-0.0009826694358231064,-0.0005933079723233011,0.010733816539002345,0.0007788508208403615,-0.001000418991976843,-0.000569168285080398,-0.0009986613950495897,0.0006360742565391419,-0.00031008938898118607,-0.0007337090817900183,0.004164162985736674,-0.00053208892107634,-0.0005456045183342415,-0.0002839776063766143,-0.000977171932291346,-0.0007180456882255942,0.3511633663913016,0.0032809600398817015,0.3511633663913016,0.3511633663913016,-0.0003077363559552318,-0.00014958203560331093,-0.0007967949603900643,0.23775723887180303
-0.2519867727386253,-0.17787768840143464,-0.000928326287415732,-0.0008287485083052424,-0.0009621021527380641,2.9852657507825595e-05,0.26374787002823935,-0.0008497437864825509,0.0002749882701438592,-0.000233329972013177,0.0,0.00014713401331955492,0.2637478700282396,-0.0004956686145200828,0.2637478700282396,2.2197032992373506e-05,-0.0009445029665318336,0.005508428668152723,-0.0007911671548182982,-0.00027501518179276523,0.0013493568210655197,-0.00014624885586590435,-0.0008382476500719481,-0.0009989790933270291,-0.0008719719091362464,0.0009512410136700107,-0.000964357274175536,0.0014038866980499165,0.001966423623402414,-0.0004799680906964363,0.0009812937748056199,0.32181432843427604,0.00042382874347363596,0.32181432843427604,0.32181432843427604,-0.0009991042972706844,0.002233704805243561,-0.0008209546282643613,0.2637478700282396
-0.252020764677594,-0.17925572338896703,-0.0003578194458803848,-0.0005699425349288723,-0.00023655003516678645,-0.0009978407328603053,0.23211965171657845,0.0011314067820783723,-0.0009976249383727108,-0.0009628245063465313,0.00014713401331955492,0.0,0.23211965171657833,-0.0008708879245687905,0.23211965171657833,-0.0009974016792679966,-0.0003056609591383301,0.012106251102576886,0.001338061345619415,-0.0009528151902616111,-0.0007877726581116486,-0.0009793864336414978,0.0011739702618395595,5.281899062208778e-05,-0.0004935258356866846,0.005089104406095038,-0.00022637182789307387,-0.0007711206105945676,-0.0005766644540513885,-0.0008786744718285504,-0.0008877309823861197,0.3578452096845052,0.004126729417575918,0.3578452096845052,0.3578452096845052,5.572428608508235e-05,-0.0004719362706734851,-0.0005820484863961215,0.23211965171657833
-0.550216645093062,-0.47438640220189743,0.25562929002390333,0.2512937016949294,0.257797729232381,0.23373568791346175,0,0.2756484214348022,0.23045444775701945,0.23775723887180303,0.2637478700282396,0.23211965171657833,0.0,0.2425728829866335,0,0.23384446936517145,0.2565840451695224,0.34575225012558825,0.27778770100162115,0.2384573595476482,0.2190295319264325,0.23635619313535405,0.27609665436695907,0.26238626007646443,0.25295406936132725,0.30751894678660063,0.25797196069713,0.21853456802246712,0.21374925349488244,0.24225235290564848,0.22254641929060578,1.0,0.3009679146359647,1.0,1.0,0.26242904633711855,0.21165011947125453,0.25101798586959906,0
-0.2518022264436309,-0.1786118853571888,-0.000806250023782747,-0.0009134702124715633,-0.0007371570501848645,-0.000908282467074504,0.2425728829866335,0.0002083597879447256,-0.0008255961652021433,-0.0009736680665070235,-0.0004956686145200828,-0.0008708879245687905,0.2425728829866335,0.0,0.24257288298663365,-0.0009105689757269848,-0.0007770882824577745,0.009631470691551224,0.00036520586708947223,-0.000981062988245371,-0.00032458648516209775,-0.0009553351072445961,0.00024047304481620356,-0.0005575688194974349,-0.0008773196604266316,0.0034408539178502713,-0.000731162838688137,-0.00029517578553305137,2.327193342416384e-05,-0.001000880876094042,-0.0005148477946903643,0.34554819396855035,0.002624694847700474,0.34554819396855035,0.34554819396855035,-0.0005556832223587386,0.00018276249500712003,-0.0009188785092588071,0.24257288298663365
-0.550216645093062,-0.47438640220189743,0.25562929002390333,0.2512937016949294,0.257797729232381,0.23373568791346175,0,0.2756484214348022,0.23045444775701945,0.23775723887180303,0.2637478700282396,0.23211965171657833,0,0.24257288298663365,0.0,0.23384446936517145,0.2565840451695224,0.34575225012558825,0.27778770100162115,0.2384573595476482,0.2190295319264325,0.23635619313535405,0.27609665436695907,0.26238626007646443,0.25295406936132725,0.30751894678660063,0.25797196069713,0.21853456802246712,0.21374925349488244,0.24225235290564848,0.22254641929060578,1.0,0.3009679146359647,1.0,1.0,0.26242904633711855,0.21165011947125453,0.25101798586959906,0
-0.2519697964888995,-0.17913589724867246,-0.00045043614574906014,-0.0006451148400482884,-0.00033784291611842047,-0.0010009867270489524,0.23384446936517145,0.0009598752484814998,-0.000987053830374244,-0.0009826694358231064,2.2197032992373506e-05,-0.0009974016792679966,0.23384446936517145,-0.0009105689757269848,0.23384446936517145,0.0,-0.0004021017058882895,0.011676821722222671,0.0011582490251463853,-0.0009755547395269139,-0.0007287703383496323,-0.0009934276887407683,0.0010007013378625445,-6.672821994792594e-05,-0.0005753941237370037,0.004797023053927462,-0.00032836043818881345,-0.0007099958783104914,-0.0004949130328744958,-0.0009170405677568274,-0.0008437503176065315,0.35578830584762705,0.0038589504211000007,0.35578830584762705,0.35578830584762705,-6.399247580699734e-05,-0.0003810744823887409,-0.0006561070067745199,0.23384446936517145
-0.25183442397501754,-0.17804458230162193,-0.000999984039198209,-0.0009695499860833597,-0.0009993635268087245,-0.00039624069691147055,0.2565840451695224,-0.0006083775895911155,-0.00020540190266705115,-0.0005933079723233011,-0.0009445029665318336,-0.0003056609591383301,0.2565840451695224,-0.0007770882824577745,0.2565840451695224,-0.0004021017058882895,0.0,0.006775449629691993,-0.0005169322757129686,-0.0006235309163577894,0.000677351529631543,-0.0005292070110488342,-0.0005899856291296801,-0.000963856904106162,-0.0009862349511694647,0.0016715179194377087,-0.0009988602578874261,0.0007234874780437368,0.0012044622108553418,-0.0007665962059142993,0.00036870546323330977,0.3296749131141704,0.001047487110614631,0.3296749131141704,0.3296749131141704,-0.0009633096939432896,0.0014357273719833126,-0.0009661701451068174,0.25658404516952205
-0.2593909971512394,-0.18104468880517596,0.006953970724897585,0.007793820770196167,0.006551825500848415,0.011703654963517331,0.34575225012558825,0.0036774676331635518,0.012528921084544724,0.010733816539002345,0.005508428668152723,0.012106251102576886,0.34575225012558825,0.009631470691551224,0.34575225012558825,0.011676821722222671,0.006775449629691993,0.0,0.0033833900627411252,0.010569592031502154,0.015649100293604525,0.011066545964814021,0.0036149828291840566,0.0057395108530488926,0.007466504944811457,0.00033339579683588525,0.006520026066044837,0.015793196278133623,0.01722579759008216,0.009702876042997915,0.014646910172842888,0.24239661709488433,0.0008451466456996466,0.24239661709488433,0.24239661709488433,0.005732180600581696,0.01787714536167192,0.007848862385905183,0.34575225012558825
-0.2525369764347668,-0.17777782489569374,-0.0004715464413075403,-0.00023875342611563672,-0.0005715968452354425,0.001169360617501171,0.27778770100162115,-0.0009962177131765206,0.0015190536317575627,0.0007788508208403615,-0.0007911671548182982,0.001338061345619415,0.27778770100162115,0.00036520586708947223,0.27778770100162115,0.0011582490251463853,-0.0005169322757129686,0.0033833900627411252,0.0,0.0007150899399727252,0.00296234179122896,0.0009101892895785567,-0.0009980141862157936,-0.000747952478956049,-0.0003331053099999541,-0.00011871562111435894,-0.0005791669453731195,0.003033030254135983,0.0037525666516560648,0.00039093859574899177,0.0024798934144312735,0.30688211739958526,-0.00045976628840578614,0.30688211739958526,0.30688211739958526,-0.0007493734529072819,0.004089169241334814,-0.0002224557286588663,0.27778770100162115
-0.2518626717963976,-0.17884204874439896,-0.0006616959707304971,-0.000809985243685933,-0.0005721756334199769,-0.0009743351210022406,0.2384573595476482,0.0005387407492723006,-0.0009239305367456857,-0.001000418991976843,-0.00027501518179276523,-0.0009528151902616111,0.2384573595476482,-0.000981062988245371,0.2384573595476482,-0.0009755547395269139,-0.0006235309163577894,0.010569592031502154,0.0007150899399727252,0.0,-0.0005368831360015999,-0.0009957455752353328,0.0005749458920974822,-0.0003496065547917621,-0.0007580708040053443,0.004055226417236868,-0.0005645433503871193,-0.0005124660853479034,-0.00024254680361212528,-0.0009840380412876328,-0.0006917999218097926,0.3503417738703941,0.0031818037290741257,0.3503417738703941,0.3503417738703941,-0.00034732172354332805,-0.00010448883170674653,-0.0008180156021569548,0.23845735954764827
-0.2526091421311173,-0.1803493240646092,0.0005957740830617776,0.000249442465331016,0.0007837899365191865,-0.0007326982905340931,0.2190295319264325,0.0026920044605533828,-0.0008380552815757837,-0.000569168285080398,0.0013493568210655197,-0.0007877726581116486,0.2190295319264325,-0.00032458648516209775,0.2190295319264325,-0.0007287703383496323,0.000677351529631543,0.015649100293604525,0.00296234179122896,-0.0005368831360015999,0.0,-0.0006303938067883904,0.00274792940131468,0.0012135825067317097,0.00037737594399596804,0.007576552896738172,0.0007993203270506829,-0.0010006879634595948,-0.0009650305029079187,-0.0003424916207758542,-0.0009853221319143545,0.37383058841719274,0.006427368132437368,0.37383058841719274,0.37383058841719274,0.0012177920430124479,-0.000930444840368784,0.00022876725997460367,0.21902953192643218
-0.25190624285918084,-0.1789711342071418,-0.0005719938687768713,-0.0007413661392646069,-0.00047198729717022955,-0.000992755841514634,0.23635619313535405,0.0007238297289855568,-0.0009589258049418586,-0.0009986613950495897,-0.00014624885586590435,-0.0009793864336414978,0.23635619313535405,-0.0009553351072445961,0.23635619313535405,-0.0009934276887407683,-0.0005292070110488342,0.011066545964814021,0.0009101892895785567,-0.0009957455752353328,-0.0006303938067883904,0.0,0.0007621351280458937,-0.00022735485134975524,-0.0006813591601220468,0.004386065166726451,-0.00046351412939200774,-0.0006085409250370675,-0.0003635408220951677,-0.000959899210606264,-0.0007671619511267206,0.35281290167195284,0.0034832562623537404,0.35281290167195284,0.35281290167195284,-0.00022486508454222807,-0.00023648869996492053,-0.0007507425670345253,0.23635619313535405
-0.252453579599106,-0.1777744197356634,-0.0005480838353512436,-0.00033118004017716177,-0.0006402290100146464,0.0010114008320886176,0.27609665436695907,-0.0010007904733247788,0.0013486264617392648,0.0006360742565391419,-0.0008382476500719481,0.0011739702618395595,0.27609665436695907,0.00024047304481620356,0.27609665436695907,0.0010007013378625445,-0.0005899856291296801,0.0036149828291840566,-0.0009980141862157936,0.0005749458920974822,0.00274792940131468,0.0007621351280458937,0.0,-0.0007999468669132221,-0.0004194336949573612,-1.3085294501345083e-05,-0.0006471651293176895,0.0028166914872741686,0.0035175116109227044,0.00026500936495228575,0.0022791180874159934,0.3086484612107267,-0.00037637888967307427,0.3086484612107267,0.3086484612107267,-0.0008012132695847933,0.0038458506499114854,-0.00031589660214236567,0.27609665436695907
-0.2519509749353538,-0.1779032219169249,-0.0009505479651187206,-0.0008640497737056734,-0.0009778170958573465,-5.9412030360514416e-05,0.26238626007646443,-0.0008127476388609298,0.00017545395832242164,-0.00031008938898118607,-0.0009989790933270291,5.281899062208778e-05,0.26238626007646443,-0.0005575688194974349,0.26238626007646443,-6.672821994792594e-05,-0.000963856904106162,0.0057395108530488926,-0.000747952478956049,-0.0003496065547917621,0.0012135825067317097,-0.00022735485134975524,-0.0007999468669132221,0.0,-0.000902253068992051,0.0010788519712267449,-0.00097955041092476,0.0012665249118644826,0.0018136369609174402,-0.0005428534817278622,0.0008567566404474542,0.3232955041666851,0.0005331570637440844,0.3232955041666851,0.3232955041666851,-0.0010009990002864892,0.002074107029460573,-0.0008570908638665703,0.26238626007646443
-0.2517916939531744,-0.17816035356784277,-0.0009929682018550072,-0.0009978841232814153,-0.0009747631069137847,-0.0005704508394351018,0.25295406936132725,-0.00044135023550436673,-0.00040737876528706713,-0.0007337090817900183,-0.0008719719091362464,-0.0004935258356866846,0.25295406936132725,-0.0008773196604266316,0.25295406936132725,-0.0005753941237370037,-0.0009862349511694647,0.007466504944811457,-0.0003331053099999541,-0.0007580708040053443,0.00037737594399596804,-0.0006813591601220468,-0.0004194336949573612,-0.000902253068992051,0.0,0.002083281458378939,-0.0009728496760513903,0.00041921861602709474,0.0008584749813560197,-0.0008694907785325373,9.911933720673211e-05,0.33372274425641285,0.0014098831458746984,0.33372274425641285,0.33372274425641285,-0.0009013621215058376,0.0010713174311666864,-0.0009967610380540877,0.252954069361327
-0.25472464482956736,-0.178484835285285,0.0017767285222765503,0.002282332663595695,0.001540933998394107,0.004815205462925036,0.30751894678660063,1.5961179351746357e-05,0.00537880236193205,0.004164162985736674,0.0009512410136700107,0.005089104406095038,0.30751894678660063,0.0034408539178502713,0.30751894678660063,0.004797023053927462,0.0016715179194377087,0.00033339579683588525,-0.00011871562111435894,0.004055226417236868,0.007576552896738172,0.004386065166726451,-1.3085294501345083e-05,0.0010788519712267449,0.002083281458378939,0.0,0.0015224771152408932,0.007680276823501937,0.008720748312505659,0.0034871208184239118,0.006860225592500332,0.27717706528813885,-0.0009595280593220185,0.27717706528813885,0.27717706528813885,0.0010747762875245523,0.009199031518122947,0.002316043421454524,0.30751894678660063
-0.25185694747569465,-0.17800592106577964,-0.0009948923319487233,-0.0009509986534625579,-0.0010009673325556431,-0.00032215004168652397,0.25797196069713,-0.0006642149275228686,-0.00012074026711302786,-0.00053208892107634,-0.000964357274175536,-0.00022637182789307387,0.25797196069713,-0.000731162838688137,0.25797196069713,-0.00032836043818881345,-0.0009988602578874261,0.006520026066044837,-0.0005791669453731195,-0.0005645433503871193,0.0007993203270506829,-0.00046351412939200774,-0.0006471651293176895,-0.00097955041092476,-0.0009728496760513903,0.0015224771152408932,0.0,0.0008470906261979278,0.001343946320514422,-0.0007196568051352039,0.0004791055592801038,0.3281388589199816,0.0009172483237760043,0.3281388589199816,0.3281388589199816,-0.0009791340864781677,0.0015822243223249034,-0.0009467595560537844,0.25797196069712997
-0.25263861179719505,-0.18039728590931406,0.0006407834574989629,0.00028931221978490724,0.0008313552842130345,-0.0007140574835931254,0.21853456802246712,0.002760255040718718,-0.0008234588825492644,-0.0005456045183342415,0.0014038866980499165,-0.0007711206105945676,0.21853456802246712,-0.00029517578553305137,0.21853456802246712,-0.0007099958783104914,0.0007234874780437368,0.015793196278133623,0.003033030254135983,-0.0005124660853479034,-0.0010006879634595948,-0.0006085409250370675,0.0028166914872741686,0.0012665249118644826,0.00041921861602709474,0.007680276823501937,0.0008470906261979278,0.0,-0.0009714286351454564,-0.0003134684899063718,-0.0009805782820055677,0.37444841729144845,0.006523943687308906,0.37444841729144845,0.37444841729144845,0.001270784387909568,-0.000939530962126185,0.0002683088359979745,0.21853456802246712
-0.2529517898315841,-0.18088690320898337,0.0011108112065910155,0.0007093971457920108,0.0013262194760027286,-0.0005002735403050181,0.21374925349488244,0.0034561054486609523,-0.0006489807915787514,-0.0002839776063766143,0.001966423623402414,-0.0005766644540513885,0.21374925349488244,2.327193342416384e-05,0.21374925349488244,-0.0004949130328744958,0.0012044622108553418,0.01722579759008216,0.0037525666516560648,-0.00024254680361212528,-0.0009650305029079187,-0.0003635408220951677,0.0035175116109227044,0.0018136369609174402,0.0008584749813560197,0.008720748312505659,0.001343946320514422,-0.0009714286351454564,0.0,1.212870241146087e-06,-0.0009018564213918095,0.38047375549929163,0.007494974615550324,0.38047375549929163,0.38047375549929163,0.00181838168517906,-0.0009952301446047936,0.000685204732791092,0.21374925349488244
-0.2518057638368999,-0.17862874605728019,-0.000796456832595825,-0.0009068649866643682,-0.0007257781734959622,-0.0009148368686386756,0.24225235290564848,0.00023257844709347625,-0.0008346561794777714,-0.000977171932291346,-0.0004799680906964363,-0.0008786744718285504,0.24225235290564848,-0.001000880876094042,0.24225235290564848,-0.0009170405677568274,-0.0007665962059142993,0.009702876042997915,0.00039093859574899177,-0.0009840380412876328,-0.0003424916207758542,-0.000959899210606264,0.00026500936495228575,-0.0005428534817278622,-0.0008694907785325373,0.0034871208184239118,-0.0007196568051352039,-0.0003134684899063718,1.212870241146087e-06,0.0,-0.0005300097337407025,0.3459193418790155,0.0026665157403099994,0.3459193418790155,0.3459193418790155,-0.0005409368930552951,0.00015904004591738203,-0.0009124768175169084,0.24225235290564848
-0.2524152216678595,-0.18002271466797334,0.0002951023912355117,-1.4849250162129169e-05,0.00046502591550833314,-0.0008467323185359389,0.22254641929060578,0.0022268141420224347,-0.0009234646048162308,-0.0007180456882255942,0.0009812937748056199,-0.0008877309823861197,0.22254641929060578,-0.0005148477946903643,0.22254641929060578,-0.0008437503176065315,0.00036870546323330977,0.014646910172842888,0.0024798934144312735,-0.0006917999218097926,-0.0009853221319143545,-0.0007671619511267206,0.0022791180874159934,0.0008567566404474542,9.911933720673211e-05,0.006860225592500332,0.0004791055592801038,-0.0009805782820055677,-0.0009018564213918095,-0.0005300097337407025,0.0,0.36946932362719453,0.005761651365358147,0.36946932362719453,0.36946932362719453,0.000860612671013943,-0.0008482481120390877,-3.320152281783244e-05,0.2225464192906059
-0.6836799587620574,-0.5163463041557278,0.3307352914319416,0.335589070767703,0.328331336690183,0.3559177008894357,1.0,0.3091181036999796,0.35984170158619966,0.3511633663913016,0.32181432843427604,0.3578452096845052,1.0,0.34554819396855035,1.0,0.35578830584762705,0.3296749131141704,0.24239661709488433,0.30688211739958526,0.3503417738703941,0.37383058841719274,0.35281290167195284,0.3086484612107267,0.3232955041666851,0.33372274425641285,0.27717706528813885,0.3281388589199816,0.37444841729144845,0.38047375549929163,0.3459193418790155,0.36946932362719453,0.0,0.2835105390610312,0,0,0.32324886973287353,0.3831471246112906,0.3358998972186693,1.0
-0.2541290137775125,-0.17822741622060082,0.0011397401740435155,0.0015862595965680743,0.0009333471185416261,0.003875602211357267,0.3009679146359647,-0.0003532373617013472,0.004392897393173254,0.0032809600398817015,0.00042382874347363596,0.004126729417575918,0.3009679146359647,0.002624694847700474,0.3009679146359647,0.0038589504211000007,0.001047487110614631,0.0008451466456996466,-0.00045976628840578614,0.0031818037290741257,0.006427368132437368,0.0034832562623537404,-0.00037637888967307427,0.0005331570637440844,0.0014098831458746984,-0.0009595280593220185,0.0009172483237760043,0.006523943687308906,0.007494974615550324,0.0026665157403099994,0.005761651365358147,0.2835105390610312,0.0,0.2835105390610312,0.2835105390610312,0.0005296564565218985,0.007942605296741958,0.0016161992948503826,0.3009679146359647
-0.6836799587620574,-0.5163463041557278,0.3307352914319416,0.335589070767703,0.328331336690183,0.3559177008894357,1.0,0.3091181036999796,0.35984170158619966,0.3511633663913016,0.32181432843427604,0.3578452096845052,1.0,0.34554819396855035,1.0,0.35578830584762705,0.3296749131141704,0.24239661709488433,0.30688211739958526,0.3503417738703941,0.37383058841719274,0.35281290167195284,0.3086484612107267,0.3232955041666851,0.33372274425641285,0.27717706528813885,0.3281388589199816,0.37444841729144845,0.38047375549929163,0.3459193418790155,0.36946932362719453,0,0.2835105390610312,0.0,0,0.32324886973287353,0.3831471246112906,0.3358998972186693,1.0
-0.6836799587620574,-0.5163463041557278,0.3307352914319416,0.335589070767703,0.328331336690183,0.3559177008894357,1.0,0.3091181036999796,0.35984170158619966,0.3511633663913016,0.32181432843427604,0.3578452096845052,1.0,0.34554819396855035,1.0,0.35578830584762705,0.3296749131141704,0.24239661709488433,0.30688211739958526,0.3503417738703941,0.37383058841719274,0.35281290167195284,0.3086484612107267,0.3232955041666851,0.33372274425641285,0.27717706528813885,0.3281388589199816,0.37444841729144845,0.38047375549929163,0.3459193418790155,0.36946932362719453,0,0.2835105390610312,0,0.0,0.32324886973287353,0.3831471246112906,0.3358998972186693,1.0
-0.25195205142223626,-0.17790237582383217,-0.0009499105447112121,-0.0008630009082918248,-0.0009773843570370824,-5.666560829191952e-05,0.26242904633711855,-0.0008139730028894854,0.00017852344255239942,-0.0003077363559552318,-0.0009991042972706844,5.572428608508235e-05,0.26242904633711855,-0.0005556832223587386,0.26242904633711855,-6.399247580699734e-05,-0.0009633096939432896,0.005732180600581696,-0.0007493734529072819,-0.00034732172354332805,0.0012177920430124479,-0.00022486508454222807,-0.0008012132695847933,-0.0010009990002864892,-0.0009013621215058376,0.0010747762875245523,-0.0009791340864781677,0.001270784387909568,0.00181838168517906,-0.0005409368930552951,0.000860612671013943,0.32324886973287353,0.0005296564565218985,0.32324886973287353,0.32324886973287353,0.0,0.00207906602438722,-0.0008560157326800403,0.2624290463371185
-0.25310561265272763,-0.1811167715862521,0.0013372422650086131,0.0009137733564081814,0.0015636180587911747,-0.00038700868310589893,0.21165011947125453,0.0037822502553555327,-0.0005530766214245481,-0.00014958203560331093,0.002233704805243561,-0.0004719362706734851,0.21165011947125453,0.00018276249500712003,0.21165011947125453,-0.0003810744823887409,0.0014357273719833126,0.01787714536167192,0.004089169241334814,-0.00010448883170674653,-0.000930444840368784,-0.00023648869996492053,0.0038458506499114854,0.002074107029460573,0.0010713174311666864,0.009199031518122947,0.0015822243223249034,-0.000939530962126185,-0.0009952301446047936,0.00015904004591738203,-0.0008482481120390877,0.3831471246112906,0.007942605296741958,0.3831471246112906,0.3831471246112906,0.00207906602438722,0.0,0.0008881726348224113,0.21165011947125453
-0.2517785902419518,-0.1782308831386043,-0.0009770563301725636,-0.001000914771167746,-0.0009494286107463436,-0.0006516555529215297,0.25101798586959906,-0.00033970155230644464,-0.000503464487508903,-0.0007967949603900643,-0.0008209546282643613,-0.0005820484863961215,0.25101798586959906,-0.0009188785092588071,0.25101798586959906,-0.0006561070067745199,-0.0009661701451068174,0.007848862385905183,-0.0002224557286588663,-0.0008180156021569548,0.00022876725997460367,-0.0007507425670345253,-0.00031589660214236567,-0.0008570908638665703,-0.0009967610380540877,0.002316043421454524,-0.0009467595560537844,0.0002683088359979745,0.000685204732791092,-0.0009124768175169084,-3.320152281783244e-05,0.3358998972186693,0.0016161992948503826,0.3358998972186693,0.3358998972186693,-0.0008560157326800403,0.0008881726348224113,0.0,0.25101798586959917
-0.550216645093062,-0.47438640220189743,0.25562929002390333,0.2512937016949294,0.257797729232381,0.23373568791346175,0,0.2756484214348022,0.23045444775701945,0.23775723887180303,0.2637478700282396,0.23211965171657833,0,0.24257288298663365,0,0.23384446936517145,0.25658404516952205,0.34575225012558825,0.27778770100162115,0.23845735954764827,0.21902953192643218,0.23635619313535405,0.27609665436695907,0.26238626007646443,0.252954069361327,0.30751894678660063,0.25797196069712997,0.21853456802246712,0.21374925349488244,0.24225235290564848,0.2225464192906059,1.0,0.3009679146359647,1.0,1.0,0.2624290463371185,0.21165011947125453,0.25101798586959917,0.0